sample	chromosome	start_pos	end_pos	numreads	covbases	coverage	meandepth	meanbaseq	meanmapq
B1R1-14C-D10-E1	NC_134838.1	1	133122103	46278426	130532891	98.055	36.6609	39.6	31.7
B1R1-14C-D10-E1	NC_134839.1	1	115872679	41532037	114513944	98.8274	38.1537	39.6	32.5
B1R1-14C-D10-E1	NC_134840.1	1	112047329	38679875	109192052	97.4517	36.1735	39.6	31.9
B1R1-14C-D10-E1	NC_134841.1	1	104860103	37348264	103104838	98.3261	37.8748	39.6	32.8
B1R1-14C-D10-E1	NC_134842.1	1	102992780	31112819	97811787	94.9696	30.6498	39.6	28.9
B1R1-14C-D10-E1	NC_134843.1	1	102858672	34405633	99455173	96.6911	34.6361	39.6	31.3
B1R1-14C-D10-E1	NC_134844.1	1	98048912	30273176	93901416	95.77	31.3805	39.5	29.8
B1R1-14C-D10-E1	NC_134845.1	1	97139405	29083426	92188037	94.9028	29.9928	39.6	30.1
B1R1-14C-D10-E1	NC_134846.1	1	94721750	32196441	92385613	97.5337	35.4673	39.5	32
B1R1-14C-D10-E1	NC_134847.1	1	91363364	29277906	88194625	96.5317	32.8726	39.6	30.7
B1R1-14C-D10-E1	NC_134848.1	1	86550376	26257605	82594448	95.4293	30.9028	39.5	28.4
B1R1-14C-D10-E1	NC_134849.1	1	81349889	29158781	77860212	95.7103	31.3882	39.4	24.1
B1R1-14C-D10-E1	NC_134850.1	1	74365144	23631970	71216113	95.7654	32.3991	39.5	30.5
B1R1-14C-D10-E1	NC_134851.1	1	73464853	21789677	69407593	94.4773	29.7929	39.6	29.4
B1R1-D1-E1	NC_134838.1	1	133122103	80153960	130977605	98.3891	73.6739	39.6	35.1
B1R1-D1-E1	NC_134839.1	1	115872679	72673006	114854083	99.1209	76.9276	39.6	35.9
B1R1-D1-E1	NC_134840.1	1	112047329	67133929	109622600	97.836	72.9455	39.6	35.4
B1R1-D1-E1	NC_134841.1	1	104860103	65071902	103368714	98.5777	76.3683	39.6	36.3
B1R1-D1-E1	NC_134842.1	1	102992780	52477307	98351604	95.4937	60.5951	39.6	31.8
B1R1-D1-E1	NC_134843.1	1	102858672	59539947	99695803	96.925	70.0119	39.6	34.8
B1R1-D1-E1	NC_134844.1	1	98048912	51568920	94377026	96.255	62.9711	39.6	33.2
B1R1-D1-E1	NC_134845.1	1	97139405	48788638	92517427	95.2419	59.757	39.6	33.7
B1R1-D1-E1	NC_134846.1	1	94721750	55140983	92695263	97.8606	70.8089	39.6	35.5
B1R1-D1-E1	NC_134847.1	1	91363364	49433601	88398468	96.7548	65.1459	39.6	33.9
B1R1-D1-E1	NC_134848.1	1	86550376	44286920	83136231	96.0553	60.6223	39.6	31.3
B1R1-D1-E1	NC_134849.1	1	81349889	45731256	78225895	96.1598	62.0437	39.5	29.1
B1R1-D1-E1	NC_134850.1	1	74365144	40112812	71656994	96.3583	64.4377	39.6	33.7
B1R1-D1-E1	NC_134851.1	1	73464853	36240286	69694219	94.8674	58.4844	39.6	32.5
B1R2-14C-D10-E1	NC_134838.1	1	133122103	62202080	131087767	98.4718	55.9029	39.6	33.8
B1R2-14C-D10-E1	NC_134839.1	1	115872679	56423964	114880238	99.1435	58.5485	39.6	34.8
B1R2-14C-D10-E1	NC_134840.1	1	112047329	52021703	109721915	97.9246	55.277	39.6	34.2
B1R2-14C-D10-E1	NC_134841.1	1	104860103	50236706	103477004	98.681	57.6716	39.6	35.1
B1R2-14C-D10-E1	NC_134842.1	1	102992780	41312560	98743434	95.8741	46.5929	39.6	30.9
B1R2-14C-D10-E1	NC_134843.1	1	102858672	46509072	100201712	97.4169	53.4572	39.6	33.7
B1R2-14C-D10-E1	NC_134844.1	1	98048912	40277718	94559343	96.441	47.9294	39.6	32
B1R2-14C-D10-E1	NC_134845.1	1	97139405	38657817	93143839	95.8868	46.1199	39.6	32.6
B1R2-14C-D10-E1	NC_134846.1	1	94721750	43580745	92869192	98.0442	54.756	39.6	34.5
B1R2-14C-D10-E1	NC_134847.1	1	91363364	39160661	88885493	97.2879	50.4093	39.6	33.1
B1R2-14C-D10-E1	NC_134848.1	1	86550376	35339863	83416040	96.3786	47.4056	39.6	30.4
B1R2-14C-D10-E1	NC_134849.1	1	81349889	37085246	78544197	96.5511	48.3945	39.5	27.8
B1R2-14C-D10-E1	NC_134850.1	1	74365144	31544327	71696385	96.4113	49.4233	39.6	32.6
B1R2-14C-D10-E1	NC_134851.1	1	73464853	28776991	70098238	95.4174	45.373	39.6	31.6
B1R2-22C-D10-E1	NC_134838.1	1	133122103	23106907	124556250	93.5654	12.6911	39.6	27.6
B1R2-22C-D10-E1	NC_134839.1	1	115872679	20641552	110602228	95.4515	13.3425	39.6	28.6
B1R2-22C-D10-E1	NC_134840.1	1	112047329	19434930	104114695	92.9203	12.5693	39.6	27.8
B1R2-22C-D10-E1	NC_134841.1	1	104860103	18632857	99391347	94.7847	13.185	39.6	28.4
B1R2-22C-D10-E1	NC_134842.1	1	102992780	15610749	89750617	87.1426	10.2756	39.6	24.8
B1R2-22C-D10-E1	NC_134843.1	1	102858672	17235777	93924641	91.3143	11.822	39.6	26.9
B1R2-22C-D10-E1	NC_134844.1	1	98048912	15419103	86896586	88.6258	10.7388	39.6	25.6
B1R2-22C-D10-E1	NC_134845.1	1	97139405	15049178	84486937	86.9749	10.269	39.6	25.7
B1R2-22C-D10-E1	NC_134846.1	1	94721750	16242881	87980242	92.8828	12.2662	39.6	27.6
B1R2-22C-D10-E1	NC_134847.1	1	91363364	14772062	82009448	89.7619	11.1265	39.6	26.2
B1R2-22C-D10-E1	NC_134848.1	1	86550376	12746982	75398570	87.1152	10.0133	39.6	24.2
B1R2-22C-D10-E1	NC_134849.1	1	81349889	15032776	71451893	87.8328	10.9863	39.2	20.1
B1R2-22C-D10-E1	NC_134850.1	1	74365144	11821164	66028623	88.7897	10.8761	39.6	25.8
B1R2-22C-D10-E1	NC_134851.1	1	73464853	11113372	63388215	86.2837	10.019	39.6	25.1
B1R2-D1-E1	NC_134838.1	1	133122103	68083027	130664844	98.1541	62.0152	39.6	35
B1R2-D1-E1	NC_134839.1	1	115872679	62179505	114679044	98.9699	65.2866	39.6	36
B1R2-D1-E1	NC_134840.1	1	112047329	57308728	109345636	97.5888	61.7406	39.6	35.4
B1R2-D1-E1	NC_134841.1	1	104860103	55683432	103194633	98.4117	64.8284	39.6	36.3
B1R2-D1-E1	NC_134842.1	1	102992780	44894182	97889479	95.045	51.3724	39.6	31.8
B1R2-D1-E1	NC_134843.1	1	102858672	51046689	99420086	96.657	59.5169	39.6	34.9
B1R2-D1-E1	NC_134844.1	1	98048912	44176188	94010578	95.8813	53.4681	39.6	33.2
B1R2-D1-E1	NC_134845.1	1	97139405	41766202	92074885	94.7863	50.6736	39.6	33.6
B1R2-D1-E1	NC_134846.1	1	94721750	47213360	92471678	97.6245	60.1169	39.6	35.5
B1R2-D1-E1	NC_134847.1	1	91363364	42478783	88087743	96.4147	55.5183	39.6	34
B1R2-D1-E1	NC_134848.1	1	86550376	38102028	82766133	95.6277	51.7439	39.6	31.4
B1R2-D1-E1	NC_134849.1	1	81349889	38129553	77920233	95.7841	53.2509	39.6	30.3
B1R2-D1-E1	NC_134850.1	1	74365144	34447792	71402023	96.0154	54.8755	39.6	33.8
B1R2-D1-E1	NC_134851.1	1	73464853	31043620	69370817	94.4272	49.6272	39.6	32.5
B1R3-14C-D10-E1	NC_134838.1	1	133122103	48004147	130061143	97.7006	36.3731	39.6	31
B1R3-14C-D10-E1	NC_134839.1	1	115872679	43560205	114256530	98.6052	38.4821	39.6	32.1
B1R3-14C-D10-E1	NC_134840.1	1	112047329	40588068	108824851	97.124	36.3876	39.6	31.5
B1R3-14C-D10-E1	NC_134841.1	1	104860103	38716954	102822789	98.0571	37.5782	39.6	32.1
B1R3-14C-D10-E1	NC_134842.1	1	102992780	32350172	97131838	94.3094	30.3434	39.6	28.3
B1R3-14C-D10-E1	NC_134843.1	1	102858672	35817251	98944016	96.1941	34.4389	39.6	30.6
B1R3-14C-D10-E1	NC_134844.1	1	98048912	31576385	93320997	95.178	31.2027	39.6	29.2
B1R3-14C-D10-E1	NC_134845.1	1	97139405	30599753	91578234	94.2751	30.0389	39.6	29.6
B1R3-14C-D10-E1	NC_134846.1	1	94721750	33959562	92105438	97.2379	35.8584	39.6	31.6
B1R3-14C-D10-E1	NC_134847.1	1	91363364	30349328	87630262	95.914	32.4584	39.6	30
B1R3-14C-D10-E1	NC_134848.1	1	86550376	27346360	82061756	94.8139	30.8046	39.6	27.9
B1R3-14C-D10-E1	NC_134849.1	1	81349889	29160191	77260413	94.973	31.6871	39.5	25.1
B1R3-14C-D10-E1	NC_134850.1	1	74365144	24584225	70844600	95.2659	32.1635	39.6	29.8
B1R3-14C-D10-E1	NC_134851.1	1	73464853	22786814	68779079	93.6217	29.7211	39.6	28.9
B1R3-B2R1-22-D10-E1	NC_134838.1	1	133122103	75665029	131238471	98.585	68.7988	39.6	34.8
B1R3-B2R1-22-D10-E1	NC_134839.1	1	115872679	68399442	114933773	99.1897	71.7725	39.6	35.7
B1R3-B2R1-22-D10-E1	NC_134840.1	1	112047329	63407134	110025624	98.1957	68.2977	39.6	35.1
B1R3-B2R1-22-D10-E1	NC_134841.1	1	104860103	60762379	103577489	98.7768	70.4822	39.6	35.9
B1R3-B2R1-22-D10-E1	NC_134842.1	1	102992780	49337731	98987148	96.1108	56.4537	39.6	31.4
B1R3-B2R1-22-D10-E1	NC_134843.1	1	102858672	55699276	100622545	97.826	64.8556	39.6	34.4
B1R3-B2R1-22-D10-E1	NC_134844.1	1	98048912	48075257	94875597	96.7635	57.9924	39.6	32.7
B1R3-B2R1-22-D10-E1	NC_134845.1	1	97139405	45806806	93662822	96.421	55.4477	39.6	33.4
B1R3-B2R1-22-D10-E1	NC_134846.1	1	94721750	52300032	93058715	98.2443	66.6013	39.6	35.4
B1R3-B2R1-22-D10-E1	NC_134847.1	1	91363364	47315972	89251896	97.6889	61.7555	39.6	33.9
B1R3-B2R1-22-D10-E1	NC_134848.1	1	86550376	41898308	83662880	96.6638	56.9099	39.6	31.2
B1R3-B2R1-22-D10-E1	NC_134849.1	1	81349889	43618898	79031603	97.1502	58.4766	39.5	28.8
B1R3-B2R1-22-D10-E1	NC_134850.1	1	74365144	38126098	71790604	96.538	60.6168	39.6	33.5
B1R3-B2R1-22-D10-E1	NC_134851.1	1	73464853	34255749	70412598	95.8453	54.8518	39.6	32.2
B1R3-D1-E1	NC_134838.1	1	133122103	90528592	131145982	98.5156	80.8298	39.6	34.8
B1R3-D1-E1	NC_134839.1	1	115872679	82304540	114955514	99.2085	84.6314	39.6	35.7
B1R3-D1-E1	NC_134840.1	1	112047329	75948343	109805171	97.9989	80.1902	39.6	35.2
B1R3-D1-E1	NC_134841.1	1	104860103	73904171	103495942	98.6991	84.2865	39.6	36.1
B1R3-D1-E1	NC_134842.1	1	102992780	59294047	98614102	95.7486	66.461	39.6	31.5
B1R3-D1-E1	NC_134843.1	1	102858672	67037012	99893491	97.1172	76.5593	39.6	34.5
B1R3-D1-E1	NC_134844.1	1	98048912	58034172	94588897	96.4711	68.7574	39.6	32.8
B1R3-D1-E1	NC_134845.1	1	97139405	55165917	92795810	95.5285	65.5615	39.6	33.3
B1R3-D1-E1	NC_134846.1	1	94721750	62618427	92810408	97.9822	78.1284	39.6	35.3
B1R3-D1-E1	NC_134847.1	1	91363364	56089268	88585751	96.9598	71.8084	39.6	33.7
B1R3-D1-E1	NC_134848.1	1	86550376	50051619	83380854	96.3379	66.5026	39.6	30.9
B1R3-D1-E1	NC_134849.1	1	81349889	52182585	78430904	96.4118	68.0876	39.5	28.6
B1R3-D1-E1	NC_134850.1	1	74365144	45264189	71836957	96.6003	70.583	39.6	33.3
B1R3-D1-E1	NC_134851.1	1	73464853	41039652	69911919	95.1638	64.2755	39.6	32.2
B1R4-D1-E1	NC_134838.1	1	133122103	73877816	130873452	98.3108	67.7503	39.6	34.9
B1R4-D1-E1	NC_134839.1	1	115872679	67302141	114797901	99.0724	71.1344	39.6	35.8
B1R4-D1-E1	NC_134840.1	1	112047329	62004294	109494413	97.7216	67.2352	39.6	35.3
B1R4-D1-E1	NC_134841.1	1	104860103	60015865	103304900	98.5169	70.3034	39.6	36.2
B1R4-D1-E1	NC_134842.1	1	102992780	48730260	98169242	95.3166	56.1652	39.6	31.8
B1R4-D1-E1	NC_134843.1	1	102858672	54968055	99578118	96.8106	64.5065	39.6	34.7
B1R4-D1-E1	NC_134844.1	1	98048912	47804344	94230413	96.1055	58.2772	39.6	33.1
B1R4-D1-E1	NC_134845.1	1	97139405	45300493	92355561	95.0753	55.3816	39.6	33.6
B1R4-D1-E1	NC_134846.1	1	94721750	51101932	92597200	97.7571	65.4944	39.6	35.4
B1R4-D1-E1	NC_134847.1	1	91363364	45892996	88302722	96.65	60.3844	39.6	33.9
B1R4-D1-E1	NC_134848.1	1	86550376	41135061	82997756	95.8953	56.2388	39.6	31.2
B1R4-D1-E1	NC_134849.1	1	81349889	42613916	78135190	96.0483	57.8944	39.5	29.2
B1R4-D1-E1	NC_134850.1	1	74365144	37160627	71547262	96.2107	59.5833	39.6	33.7
B1R4-D1-E1	NC_134851.1	1	73464853	33645218	69571394	94.7002	54.201	39.6	32.5
B1R5-D1-E1	NC_134838.1	1	133122103	77373644	130941701	98.3621	70.3854	39.6	34.7
B1R5-D1-E1	NC_134839.1	1	115872679	70392874	114823351	99.0944	73.7974	39.6	35.6
B1R5-D1-E1	NC_134840.1	1	112047329	64934399	109590432	97.8073	69.8458	39.6	35.1
B1R5-D1-E1	NC_134841.1	1	104860103	62965979	103340493	98.5508	73.1734	39.6	36
B1R5-D1-E1	NC_134842.1	1	102992780	51247193	98281518	95.4256	58.5866	39.6	31.6
B1R5-D1-E1	NC_134843.1	1	102858672	57620740	99681074	96.9107	67.0579	39.6	34.5
B1R5-D1-E1	NC_134844.1	1	98048912	50368867	94335548	96.2127	60.8917	39.6	33
B1R5-D1-E1	NC_134845.1	1	97139405	47736206	92437527	95.1597	57.8841	39.6	33.5
B1R5-D1-E1	NC_134846.1	1	94721750	53875696	92652198	97.8151	68.5196	39.6	35.3
B1R5-D1-E1	NC_134847.1	1	91363364	48157652	88372142	96.726	62.8439	39.6	33.7
B1R5-D1-E1	NC_134848.1	1	86550376	43553718	83080809	95.9913	59.0725	39.6	31.1
B1R5-D1-E1	NC_134849.1	1	81349889	44708963	78220848	96.1536	60.5334	39.5	29.3
B1R5-D1-E1	NC_134850.1	1	74365144	39351780	71633792	96.3271	62.629	39.6	33.6
B1R5-D1-E1	NC_134851.1	1	73464853	35525996	69674098	94.84	56.7534	39.6	32.3
B2R1-22C-D10-E1	NC_134838.1	1	133122103	21202945	126655888	95.1426	16.2431	39.6	31.5
B2R1-22C-D10-E1	NC_134839.1	1	115872679	18935027	112040731	96.693	16.8859	39.6	32.3
B2R1-22C-D10-E1	NC_134840.1	1	112047329	17771366	106189644	94.7721	16.1254	39.6	31.7
B2R1-22C-D10-E1	NC_134841.1	1	104860103	16948988	100677965	96.0117	16.6109	39.6	32.3
B2R1-22C-D10-E1	NC_134842.1	1	102992780	14022664	92530409	89.8416	13.2877	39.6	28.3
B2R1-22C-D10-E1	NC_134843.1	1	102858672	15890980	96632793	93.9472	15.3667	39.6	30.7
B2R1-22C-D10-E1	NC_134844.1	1	98048912	13730957	89211923	90.9872	13.6491	39.6	29.2
B2R1-22C-D10-E1	NC_134845.1	1	97139405	13278926	87206944	89.775	13.1063	39.6	29.8
B2R1-22C-D10-E1	NC_134846.1	1	94721750	14729889	89850984	94.8578	15.6952	39.6	31.7
B2R1-22C-D10-E1	NC_134847.1	1	91363364	13428999	85058361	93.099	14.5609	39.6	30.4
B2R1-22C-D10-E1	NC_134848.1	1	86550376	11714479	78033524	90.1597	13.2568	39.6	28.1
B2R1-22C-D10-E1	NC_134849.1	1	81349889	13226741	74251730	91.2745	14.2134	39.3	24.1
B2R1-22C-D10-E1	NC_134850.1	1	74365144	10783927	67849321	91.2381	14.2482	39.6	30.1
B2R1-22C-D10-E1	NC_134851.1	1	73464853	9870445	65459601	89.1033	12.9235	39.6	28.7
B2R1-D1-E1	NC_134838.1	1	133122103	85140382	130915286	98.3423	77.1738	39.6	35
B2R1-D1-E1	NC_134839.1	1	115872679	76815329	114620189	98.9191	80.3053	39.6	35.9
B2R1-D1-E1	NC_134840.1	1	112047329	71166160	109663061	97.8721	76.4259	39.6	35.2
B2R1-D1-E1	NC_134841.1	1	104860103	68554201	103298632	98.5109	79.2696	39.6	36.1
B2R1-D1-E1	NC_134842.1	1	102992780	55130871	98232272	95.3778	62.8681	39.6	31.4
B2R1-D1-E1	NC_134843.1	1	102858672	62276108	100280686	97.4937	72.2313	39.6	34.5
B2R1-D1-E1	NC_134844.1	1	98048912	53687643	94183143	96.0573	64.5204	39.6	32.8
B2R1-D1-E1	NC_134845.1	1	97139405	51116679	92870683	95.6056	61.7346	39.6	33.5
B2R1-D1-E1	NC_134846.1	1	94721750	58867134	92730182	97.8975	74.7966	39.6	35.5
B2R1-D1-E1	NC_134847.1	1	91363364	52927913	88846325	97.245	68.8518	39.6	34
B2R1-D1-E1	NC_134848.1	1	86550376	46603862	82944007	95.8332	63.0653	39.6	31.3
B2R1-D1-E1	NC_134849.1	1	81349889	50100947	78585765	96.6022	65.3742	39.5	28.2
B2R1-D1-E1	NC_134850.1	1	74365144	42562395	71348224	95.9431	67.4323	39.6	33.6
B2R1-D1-E1	NC_134851.1	1	73464853	38230885	69855997	95.0876	61.0723	39.6	32.2
B2R2-14C-D10-E1	NC_134838.1	1	133122103	48783073	129909080	97.5864	41.9668	39.6	33.2
B2R2-14C-D10-E1	NC_134839.1	1	115872679	43872604	114074665	98.4483	43.6682	39.6	34
B2R2-14C-D10-E1	NC_134840.1	1	112047329	41075507	108885637	97.1783	41.9075	39.6	33.5
B2R2-14C-D10-E1	NC_134841.1	1	104860103	39195934	102680732	97.9216	43.0392	39.6	34.3
B2R2-14C-D10-E1	NC_134842.1	1	102992780	32539338	96942345	94.1254	35.0553	39.6	30.2
B2R2-14C-D10-E1	NC_134843.1	1	102858672	36557444	99469213	96.7047	40.2153	39.6	33
B2R2-14C-D10-E1	NC_134844.1	1	98048912	31751664	93114982	94.9679	36.048	39.6	31.4
B2R2-14C-D10-E1	NC_134845.1	1	97139405	30427635	91566618	94.2631	34.5476	39.6	32
B2R2-14C-D10-E1	NC_134846.1	1	94721750	34065995	92120820	97.2541	40.9827	39.6	33.8
B2R2-14C-D10-E1	NC_134847.1	1	91363364	31149076	88016789	96.3371	38.374	39.6	32.6
B2R2-14C-D10-E1	NC_134848.1	1	86550376	27578252	81827640	94.5434	35.4035	39.6	30
B2R2-14C-D10-E1	NC_134849.1	1	81349889	30213808	77649725	95.4515	36.5668	39.4	26.3
B2R2-14C-D10-E1	NC_134850.1	1	74365144	25173951	70588106	94.921	37.8094	39.6	32.3
B2R2-14C-D10-E1	NC_134851.1	1	73464853	22669164	68911264	93.8017	34.0591	39.6	30.8
B2R2-22C-D10-E1	NC_134838.1	1	133122103	64939285	130559102	98.0747	58.4993	39.6	34.1
B2R2-22C-D10-E1	NC_134839.1	1	115872679	58696526	114437514	98.7614	61.0783	39.6	35
B2R2-22C-D10-E1	NC_134840.1	1	112047329	54459145	109409809	97.6461	58.0979	39.6	34.3
B2R2-22C-D10-E1	NC_134841.1	1	104860103	51973631	103123767	98.3441	59.7116	39.6	35.1
B2R2-22C-D10-E1	NC_134842.1	1	102992780	42293829	97837152	94.9942	47.8459	39.6	30.7
B2R2-22C-D10-E1	NC_134843.1	1	102858672	47727970	100007929	97.2285	54.983	39.6	33.7
B2R2-22C-D10-E1	NC_134844.1	1	98048912	41040852	93841258	95.7086	48.8866	39.6	31.9
B2R2-22C-D10-E1	NC_134845.1	1	97139405	39315441	92490330	95.214	46.9745	39.6	32.6
B2R2-22C-D10-E1	NC_134846.1	1	94721750	44843131	92530795	97.687	56.5181	39.6	34.5
B2R2-22C-D10-E1	NC_134847.1	1	91363364	40606978	88595161	96.9701	52.4045	39.6	33.2
B2R2-22C-D10-E1	NC_134848.1	1	86550376	35540854	82579386	95.4119	47.7042	39.6	30.6
B2R2-22C-D10-E1	NC_134849.1	1	81349889	37334978	78301693	96.253	49.6716	39.5	28.2
B2R2-22C-D10-E1	NC_134850.1	1	74365144	32557699	71115505	95.6302	51.1783	39.6	32.8
B2R2-22C-D10-E1	NC_134851.1	1	73464853	29369836	69514348	94.6226	46.4517	39.6	31.4
B2R2-D1-E1	NC_134838.1	1	133122103	80619412	130806964	98.2609	73.215	39.6	34.9
B2R2-D1-E1	NC_134839.1	1	115872679	72763414	114576320	98.8812	76.1918	39.6	35.8
B2R2-D1-E1	NC_134840.1	1	112047329	67703952	109605492	97.8207	72.8684	39.6	35.2
B2R2-D1-E1	NC_134841.1	1	104860103	64836912	103255027	98.4693	75.1106	39.6	36
B2R2-D1-E1	NC_134842.1	1	102992780	52238844	98112414	95.2614	59.6741	39.6	31.3
B2R2-D1-E1	NC_134843.1	1	102858672	58838124	100201326	97.4165	68.3491	39.6	34.4
B2R2-D1-E1	NC_134844.1	1	98048912	50681428	94087646	95.9599	60.9946	39.6	32.7
B2R2-D1-E1	NC_134845.1	1	97139405	48258240	92739780	95.4708	58.3407	39.6	33.4
B2R2-D1-E1	NC_134846.1	1	94721750	55792577	92676054	97.8403	71.02	39.6	35.5
B2R2-D1-E1	NC_134847.1	1	91363364	49996717	88763030	97.1539	65.1263	39.6	33.9
B2R2-D1-E1	NC_134848.1	1	86550376	43732772	82837892	95.7106	59.2304	39.6	31.1
B2R2-D1-E1	NC_134849.1	1	81349889	45753233	78501950	96.4991	61.6905	39.6	29
B2R2-D1-E1	NC_134850.1	1	74365144	40199820	71258935	95.823	63.7637	39.6	33.5
B2R2-D1-E1	NC_134851.1	1	73464853	36086916	69753955	94.9487	57.7311	39.6	32.1
B2R3-14C-D10-E1	NC_134838.1	1	133122103	25457427	125039557	93.9285	14.4909	39.6	28.4
B2R3-14C-D10-E1	NC_134839.1	1	115872679	22573903	110699467	95.5354	14.999	39.6	29.2
B2R3-14C-D10-E1	NC_134840.1	1	112047329	21304771	104880824	93.604	14.3239	39.6	28.7
B2R3-14C-D10-E1	NC_134841.1	1	104860103	20232029	99496550	94.885	14.691	39.6	29.2
B2R3-14C-D10-E1	NC_134842.1	1	102992780	16940431	90497699	87.868	11.6574	39.6	25.4
B2R3-14C-D10-E1	NC_134843.1	1	102858672	18865607	94982428	92.3427	13.5384	39.6	27.8
B2R3-14C-D10-E1	NC_134844.1	1	98048912	16661931	87413357	89.1528	12.0527	39.6	26.2
B2R3-14C-D10-E1	NC_134845.1	1	97139405	16300058	85264020	87.7749	11.6709	39.6	26.5
B2R3-14C-D10-E1	NC_134846.1	1	94721750	17699771	88597982	93.535	13.8992	39.6	28.7
B2R3-14C-D10-E1	NC_134847.1	1	91363364	16256590	83478584	91.3699	12.8626	39.6	27.2
B2R3-14C-D10-E1	NC_134848.1	1	86550376	13995881	75987922	87.7962	11.508	39.6	25
B2R3-14C-D10-E1	NC_134849.1	1	81349889	16404825	72356042	88.9442	12.3991	39.3	20.5
B2R3-14C-D10-E1	NC_134850.1	1	74365144	13023716	66707438	89.7026	12.6052	39.6	26.9
B2R3-14C-D10-E1	NC_134851.1	1	73464853	11977429	63778293	86.8147	11.325	39.6	25.7
B2R3-22C-D10-E1	NC_134838.1	1	133122103	15813128	112837937	84.7627	6.12315	39.6	24.9
B2R3-22C-D10-E1	NC_134839.1	1	115872679	13756861	102464527	88.4285	6.28725	39.6	25.5
B2R3-22C-D10-E1	NC_134840.1	1	112047329	13286666	95812012	85.5103	6.11484	39.6	25.1
B2R3-22C-D10-E1	NC_134841.1	1	104860103	12477785	92045939	87.7798	6.21538	39.6	25.4
B2R3-22C-D10-E1	NC_134842.1	1	102992780	10943249	78073180	75.8045	5.11031	39.6	22.9
B2R3-22C-D10-E1	NC_134843.1	1	102858672	11957914	85832470	83.447	5.86275	39.6	24.4
B2R3-22C-D10-E1	NC_134844.1	1	98048912	10741368	77105125	78.6394	5.30917	39.6	23.4
B2R3-22C-D10-E1	NC_134845.1	1	97139405	10775052	73838779	76.0132	5.21559	39.6	23.7
B2R3-22C-D10-E1	NC_134846.1	1	94721750	11152828	80554192	85.043	5.95097	39.6	24.9
B2R3-22C-D10-E1	NC_134847.1	1	91363364	10397702	74842157	81.917	5.63656	39.6	24.1
B2R3-22C-D10-E1	NC_134848.1	1	86550376	8925465	64775882	74.8418	5.00953	39.6	22.4
B2R3-22C-D10-E1	NC_134849.1	1	81349889	10853770	63064709	77.5228	5.85826	38.8	18.2
B2R3-22C-D10-E1	NC_134850.1	1	74365144	8281906	59405556	79.8836	5.46893	39.6	23.9
B2R3-22C-D10-E1	NC_134851.1	1	73464853	7894093	55356475	75.351	5.0779	39.6	23.1
B2R3-D1-E1	NC_134838.1	1	133122103	71234498	130599864	98.1053	65.7422	39.6	35.1
B2R3-D1-E1	NC_134839.1	1	115872679	64670336	114454340	98.776	68.8352	39.6	36.1
B2R3-D1-E1	NC_134840.1	1	112047329	59674788	109404739	97.6415	65.2325	39.6	35.4
B2R3-D1-E1	NC_134841.1	1	104860103	57418259	103128072	98.3482	67.5899	39.6	36.2
B2R3-D1-E1	NC_134842.1	1	102992780	46203915	97750898	94.9104	53.6503	39.6	31.6
B2R3-D1-E1	NC_134843.1	1	102858672	52224260	100002240	97.223	61.6793	39.6	34.7
B2R3-D1-E1	NC_134844.1	1	98048912	44801028	93766311	95.6322	54.7976	39.6	33
B2R3-D1-E1	NC_134845.1	1	97139405	42766310	92430838	95.1528	52.5995	39.6	33.6
B2R3-D1-E1	NC_134846.1	1	94721750	49392760	92533387	97.6897	63.9074	39.6	35.7
B2R3-D1-E1	NC_134847.1	1	91363364	44196528	88562253	96.9341	58.5052	39.6	34.1
B2R3-D1-E1	NC_134848.1	1	86550376	38659225	82537651	95.3637	53.1862	39.6	31.3
B2R3-D1-E1	NC_134849.1	1	81349889	40239868	78259841	96.2015	55.4882	39.5	29.3
B2R3-D1-E1	NC_134850.1	1	74365144	35567576	71034739	95.5216	57.3278	39.6	33.7
B2R3-D1-E1	NC_134851.1	1	73464853	31894892	69477636	94.5726	51.8765	39.6	32.4
B2R4-D1-E1	NC_134838.1	1	133122103	74191278	130714688	98.1916	68.9512	39.6	34.7
B2R4-D1-E1	NC_134839.1	1	115872679	67105195	114501986	98.8171	71.9482	39.6	35.6
B2R4-D1-E1	NC_134840.1	1	112047329	62251215	109489922	97.7176	68.5742	39.6	35
B2R4-D1-E1	NC_134841.1	1	104860103	59557002	103178556	98.3964	70.5873	39.6	35.8
B2R4-D1-E1	NC_134842.1	1	102992780	48335051	97887570	95.0431	56.5884	39.6	31.3
B2R4-D1-E1	NC_134843.1	1	102858672	54480285	100083134	97.3016	64.8316	39.6	34.3
B2R4-D1-E1	NC_134844.1	1	98048912	47097503	93903387	95.772	58.1286	39.6	32.8
B2R4-D1-E1	NC_134845.1	1	97139405	44786015	92557696	95.2834	55.5612	39.6	33.4
B2R4-D1-E1	NC_134846.1	1	94721750	51389771	92591552	97.7511	66.9848	39.6	35.3
B2R4-D1-E1	NC_134847.1	1	91363364	46033095	88645943	97.0257	61.4199	39.6	33.8
B2R4-D1-E1	NC_134848.1	1	86550376	40636641	82666014	95.512	56.3907	39.6	31.1
B2R4-D1-E1	NC_134849.1	1	81349889	43469881	78374802	96.3429	58.3249	39.5	28
B2R4-D1-E1	NC_134850.1	1	74365144	37244524	71132642	95.6532	60.5744	39.6	33.5
B2R4-D1-E1	NC_134851.1	1	73464853	33272103	69603398	94.7438	54.5611	39.6	32.1
B2R6-D1-E1	NC_134838.1	1	133122103	77920647	130774334	98.2364	72.4158	39.6	34.7
B2R6-D1-E1	NC_134839.1	1	115872679	70415019	114534773	98.8454	75.4867	39.6	35.6
B2R6-D1-E1	NC_134840.1	1	112047329	65161390	109544412	97.7662	71.7177	39.6	34.9
B2R6-D1-E1	NC_134841.1	1	104860103	62775844	103222920	98.4387	74.4139	39.6	35.8
B2R6-D1-E1	NC_134842.1	1	102992780	51156245	97995111	95.1476	59.9208	39.6	31.3
B2R6-D1-E1	NC_134843.1	1	102858672	57138592	100128104	97.3453	67.9617	39.6	34.3
B2R6-D1-E1	NC_134844.1	1	98048912	49327600	93947840	95.8173	60.8434	39.6	32.7
B2R6-D1-E1	NC_134845.1	1	97139405	47237848	92644707	95.3729	58.6106	39.6	33.4
B2R6-D1-E1	NC_134846.1	1	94721750	53943673	92616493	97.7774	70.3043	39.6	35.2
B2R6-D1-E1	NC_134847.1	1	91363364	48372017	88688338	97.0721	64.5227	39.6	33.7
B2R6-D1-E1	NC_134848.1	1	86550376	42776274	82745903	95.6043	59.3369	39.6	31
B2R6-D1-E1	NC_134849.1	1	81349889	45312430	78418387	96.3964	61.6336	39.5	28.5
B2R6-D1-E1	NC_134850.1	1	74365144	39014390	71179374	95.716	63.4047	39.6	33.4
B2R6-D1-E1	NC_134851.1	1	73464853	35068893	69642357	94.7968	57.5161	39.6	32
B3R1-14C-D10-E1	NC_134838.1	1	133122103	46159143	129415356	97.2155	35.4692	39.7	32.3
B3R1-14C-D10-E1	NC_134839.1	1	115872679	41998012	114209181	98.5644	37.5334	39.7	33.4
B3R1-14C-D10-E1	NC_134840.1	1	112047329	38829252	108695008	97.0081	35.4394	39.7	32.9
B3R1-14C-D10-E1	NC_134841.1	1	104860103	37324827	102978384	98.2055	36.7953	39.6	33.4
B3R1-14C-D10-E1	NC_134842.1	1	102992780	30229438	96559247	93.7534	28.8081	39.7	29
B3R1-14C-D10-E1	NC_134843.1	1	102858672	34223479	99093934	96.3399	33.5349	39.7	31.8
B3R1-14C-D10-E1	NC_134844.1	1	98048912	30186669	93626034	95.4891	30.5233	39.6	30.4
B3R1-14C-D10-E1	NC_134845.1	1	97139405	28594886	91122200	93.8056	28.6433	39.7	30.4
B3R1-14C-D10-E1	NC_134846.1	1	94721750	31969517	91990855	97.1169	34.135	39.6	32.7
B3R1-14C-D10-E1	NC_134847.1	1	91363364	28963981	87811013	96.1118	31.6115	39.7	31.2
B3R1-14C-D10-E1	NC_134848.1	1	86550376	25732968	82020205	94.7659	29.3586	39.6	28.7
B3R1-14C-D10-E1	NC_134849.1	1	81349889	29021539	77268783	94.9833	30.6687	39.5	24.7
B3R1-14C-D10-E1	NC_134850.1	1	74365144	23181020	70786196	95.1873	30.7834	39.6	30.7
B3R1-14C-D10-E1	NC_134851.1	1	73464853	21341258	68982876	93.8992	28.347	39.6	29.7
B3R1-22C-D10-E1	NC_134838.1	1	133122103	34097713	128359446	96.4223	25.2793	39.6	30.9
B3R1-22C-D10-E1	NC_134839.1	1	115872679	30585370	113621623	98.0573	26.4719	39.6	31.8
B3R1-22C-D10-E1	NC_134840.1	1	112047329	28581160	107844733	96.2493	25.0828	39.6	31.3
B3R1-22C-D10-E1	NC_134841.1	1	104860103	27369680	102369501	97.6248	26.0312	39.6	31.9
B3R1-22C-D10-E1	NC_134842.1	1	102992780	22675034	95113885	92.3501	20.7142	39.6	27.9
B3R1-22C-D10-E1	NC_134843.1	1	102858672	25559218	98134421	95.407	23.9346	39.6	30.1
B3R1-22C-D10-E1	NC_134844.1	1	98048912	22478725	92383081	94.2214	21.7483	39.6	29
B3R1-22C-D10-E1	NC_134845.1	1	97139405	21605379	89623712	92.263	20.6247	39.6	29.2
B3R1-22C-D10-E1	NC_134846.1	1	94721750	23681937	91162458	96.2424	24.3056	39.6	31.1
B3R1-22C-D10-E1	NC_134847.1	1	91363364	21665109	86820882	95.0281	22.7039	39.6	29.9
B3R1-22C-D10-E1	NC_134848.1	1	86550376	19314365	80812656	93.3707	21.2646	39.6	27.7
B3R1-22C-D10-E1	NC_134849.1	1	81349889	22487105	76059459	93.4967	22.0889	39.4	22.7
B3R1-22C-D10-E1	NC_134850.1	1	74365144	17355421	70025887	94.1649	22.1641	39.6	29.5
B3R1-22C-D10-E1	NC_134851.1	1	73464853	16058611	67996925	92.5571	20.3326	39.6	28.4
B3R1-D1-E1	NC_134838.1	1	133122103	82186784	130640506	98.1358	75.8553	39.6	33.9
B3R1-D1-E1	NC_134839.1	1	115872679	74505084	114875765	99.1396	79.3087	39.6	34.8
B3R1-D1-E1	NC_134840.1	1	112047329	68517823	109676290	97.8839	74.9299	39.6	34.2
B3R1-D1-E1	NC_134841.1	1	104860103	66356724	103629853	98.8268	78.1794	39.6	34.9
B3R1-D1-E1	NC_134842.1	1	102992780	52928532	98345808	95.4881	61.4065	39.6	30.5
B3R1-D1-E1	NC_134843.1	1	102858672	60339331	100105354	97.3232	71.2204	39.6	33.3
B3R1-D1-E1	NC_134844.1	1	98048912	52498669	94921409	96.8103	64.445	39.6	31.9
B3R1-D1-E1	NC_134845.1	1	97139405	49194691	92735779	95.4667	60.4601	39.6	32.2
B3R1-D1-E1	NC_134846.1	1	94721750	56302916	92814448	97.9864	72.5146	39.6	34.3
B3R1-D1-E1	NC_134847.1	1	91363364	50642543	88821112	97.2174	67.0654	39.6	32.9
B3R1-D1-E1	NC_134848.1	1	86550376	45762724	83405557	96.3665	63.1211	39.6	30.5
B3R1-D1-E1	NC_134849.1	1	81349889	51158889	78387526	96.3585	64.3636	39.5	25.7
B3R1-D1-E1	NC_134850.1	1	74365144	40615123	71868001	96.6421	65.5017	39.6	32.6
B3R1-D1-E1	NC_134851.1	1	73464853	36735546	70245187	95.6174	59.7512	39.6	31.4
B3R2-14C-D10-E1	NC_134838.1	1	133122103	10294797	85531991	64.2508	2.92313	39.6	21.3
B3R2-14C-D10-E1	NC_134839.1	1	115872679	9012635	78818190	68.0214	3.03275	39.6	22
B3R2-14C-D10-E1	NC_134840.1	1	112047329	8704772	72581516	64.7776	2.93431	39.6	21.6
B3R2-14C-D10-E1	NC_134841.1	1	104860103	8236590	70802929	67.5213	3.02158	39.6	21.8
B3R2-14C-D10-E1	NC_134842.1	1	102992780	7335594	56929376	55.2751	2.55728	39.6	20.1
B3R2-14C-D10-E1	NC_134843.1	1	102858672	7880106	64102903	62.3213	2.85028	39.6	21.1
B3R2-14C-D10-E1	NC_134844.1	1	98048912	7254065	57158590	58.296	2.67095	39.6	20.3
B3R2-14C-D10-E1	NC_134845.1	1	97139405	7197099	53854776	55.4407	2.58965	39.6	20.6
B3R2-14C-D10-E1	NC_134846.1	1	94721750	7374027	60407382	63.7735	2.89111	39.5	21.3
B3R2-14C-D10-E1	NC_134847.1	1	91363364	6935207	55087968	60.2955	2.74924	39.6	20.8
B3R2-14C-D10-E1	NC_134848.1	1	86550376	6060443	48413566	55.9369	2.56967	39.6	19.6
B3R2-14C-D10-E1	NC_134849.1	1	81349889	8031977	45954415	56.4898	3.21821	38.1	14
B3R2-14C-D10-E1	NC_134850.1	1	74365144	5551769	43828445	58.9368	2.70585	39.5	20.5
B3R2-14C-D10-E1	NC_134851.1	1	73464853	5333391	40879685	55.6452	2.56368	39.6	20.2
B3R2-22C-D10-E1	NC_134838.1	1	133122103	61731709	130194122	97.8005	54.2508	39.6	33.9
B3R2-22C-D10-E1	NC_134839.1	1	115872679	56088798	114553239	98.8613	57.0913	39.6	34.9
B3R2-22C-D10-E1	NC_134840.1	1	112047329	51647864	109316126	97.5625	53.7894	39.6	34.3
B3R2-22C-D10-E1	NC_134841.1	1	104860103	49837363	103338560	98.549	56.0185	39.6	35
B3R2-22C-D10-E1	NC_134842.1	1	102992780	40405813	97636656	94.7995	44.4118	39.6	30.6
B3R2-22C-D10-E1	NC_134843.1	1	102858672	45600967	99704714	96.9337	51.1454	39.6	33.3
B3R2-22C-D10-E1	NC_134844.1	1	98048912	40072229	94396181	96.2746	46.6473	39.6	32
B3R2-22C-D10-E1	NC_134845.1	1	97139405	37836686	91908766	94.6153	43.8757	39.6	32.2
B3R2-22C-D10-E1	NC_134846.1	1	94721750	42729604	92440881	97.592	52.3544	39.6	34.4
B3R2-22C-D10-E1	NC_134847.1	1	91363364	38610720	88428198	96.7874	48.51	39.6	32.9
B3R2-22C-D10-E1	NC_134848.1	1	86550376	34796500	82792025	95.6576	45.6076	39.6	30.3
B3R2-22C-D10-E1	NC_134849.1	1	81349889	36416531	77884583	95.7402	46.6434	39.5	27.6
B3R2-22C-D10-E1	NC_134850.1	1	74365144	31080487	71441902	96.0691	47.594	39.6	32.5
B3R2-22C-D10-E1	NC_134851.1	1	73464853	28175904	69763417	94.9616	43.2739	39.6	31.3
B3R2-D1-E1	NC_134838.1	1	133122103	75017301	130552121	98.0695	69.1828	39.6	34.9
B3R2-D1-E1	NC_134839.1	1	115872679	68161298	114811094	99.0838	72.5777	39.6	35.7
B3R2-D1-E1	NC_134840.1	1	112047329	62778358	109603747	97.8192	68.6518	39.6	35.3
B3R2-D1-E1	NC_134841.1	1	104860103	60708160	103578382	98.7777	71.5196	39.6	36
B3R2-D1-E1	NC_134842.1	1	102992780	48562762	98215839	95.3619	56.2853	39.6	31.5
B3R2-D1-E1	NC_134843.1	1	102858672	55300832	100037825	97.2576	65.2627	39.6	34.3
B3R2-D1-E1	NC_134844.1	1	98048912	48277850	94801226	96.6877	59.2699	39.6	33
B3R2-D1-E1	NC_134845.1	1	97139405	45448012	92626771	95.3545	55.8472	39.6	33.2
B3R2-D1-E1	NC_134846.1	1	94721750	51729012	92743503	97.9115	66.6569	39.6	35.3
B3R2-D1-E1	NC_134847.1	1	91363364	46557457	88762358	97.1531	61.6653	39.6	34
B3R2-D1-E1	NC_134848.1	1	86550376	41880913	83298779	96.2431	57.7292	39.6	31.1
B3R2-D1-E1	NC_134849.1	1	81349889	44219090	78314948	96.2693	58.8467	39.5	28
B3R2-D1-E1	NC_134850.1	1	74365144	37381677	71761505	96.4988	60.2923	39.6	33.5
B3R2-D1-E1	NC_134851.1	1	73464853	33798985	70175264	95.5222	54.9508	39.6	32.3
B3R3-14C-D10-E1	NC_134838.1	1	133122103	70532798	130327474	97.9007	63.3227	39.6	34.7
B3R3-14C-D10-E1	NC_134839.1	1	115872679	64041170	114701701	98.9894	66.5018	39.6	35.6
B3R3-14C-D10-E1	NC_134840.1	1	112047329	58940644	109466098	97.6963	62.7851	39.6	35.2
B3R3-14C-D10-E1	NC_134841.1	1	104860103	56858498	103495450	98.6986	65.2893	39.6	35.7
B3R3-14C-D10-E1	NC_134842.1	1	102992780	45114061	97966165	95.1194	50.7599	39.6	31.1
B3R3-14C-D10-E1	NC_134843.1	1	102858672	51628318	99788922	97.0156	59.2608	39.6	34.1
B3R3-14C-D10-E1	NC_134844.1	1	98048912	44800950	94591016	96.4733	53.368	39.6	32.6
B3R3-14C-D10-E1	NC_134845.1	1	97139405	42294672	92304270	95.0225	50.3716	39.6	32.7
B3R3-14C-D10-E1	NC_134846.1	1	94721750	48290614	92594086	97.7538	60.5141	39.6	35.1
B3R3-14C-D10-E1	NC_134847.1	1	91363364	43869299	88569716	96.9423	56.5016	39.6	33.8
B3R3-14C-D10-E1	NC_134848.1	1	86550376	38847960	82996285	95.8936	51.9905	39.6	30.8
B3R3-14C-D10-E1	NC_134849.1	1	81349889	40005148	78094631	95.9984	53.3671	39.5	28.5
B3R3-14C-D10-E1	NC_134850.1	1	74365144	34720304	71656962	96.3583	54.3672	39.6	33.1
B3R3-14C-D10-E1	NC_134851.1	1	73464853	31586025	69972016	95.2456	49.8127	39.6	31.9
B3R3-22C-D10-E1	NC_134838.1	1	133122103	50562642	129708672	97.4359	46.0686	39.6	34.5
B3R3-22C-D10-E1	NC_134839.1	1	115872679	45795603	114381858	98.7134	48.2259	39.6	35.3
B3R3-22C-D10-E1	NC_134840.1	1	112047329	42188291	108905419	97.1959	45.5744	39.6	34.8
B3R3-22C-D10-E1	NC_134841.1	1	104860103	40775842	103161501	98.3801	47.5062	39.6	35.6
B3R3-22C-D10-E1	NC_134842.1	1	102992780	33107493	97004247	94.1855	37.8561	39.6	31.2
B3R3-22C-D10-E1	NC_134843.1	1	102858672	37489199	99292165	96.5326	43.7118	39.6	34
B3R3-22C-D10-E1	NC_134844.1	1	98048912	32834358	93902204	95.7708	39.7557	39.6	32.7
B3R3-22C-D10-E1	NC_134845.1	1	97139405	30990899	91442617	94.1355	37.4923	39.6	32.9
B3R3-22C-D10-E1	NC_134846.1	1	94721750	34865833	92161082	97.2966	44.3358	39.6	35
B3R3-22C-D10-E1	NC_134847.1	1	91363364	31673853	88007797	96.3272	41.4101	39.6	33.7
B3R3-22C-D10-E1	NC_134848.1	1	86550376	28589924	82394371	95.1982	38.9085	39.6	30.9
B3R3-22C-D10-E1	NC_134849.1	1	81349889	29637274	77472302	95.2334	40.101	39.5	28.5
B3R3-22C-D10-E1	NC_134850.1	1	74365144	25403905	71105924	95.6173	40.4294	39.6	33.2
B3R3-22C-D10-E1	NC_134851.1	1	73464853	23126665	69289111	94.316	37.0401	39.6	32
B3R3-D1-E1	NC_134838.1	1	133122103	46703146	129591665	97.348	42.6698	39.6	34.9
B3R3-D1-E1	NC_134839.1	1	115872679	42375370	114323334	98.6629	44.6694	39.6	35.8
B3R3-D1-E1	NC_134840.1	1	112047329	39075722	108801215	97.1029	42.3253	39.6	35.3
B3R3-D1-E1	NC_134841.1	1	104860103	37690839	103054337	98.2779	43.9601	39.6	35.9
B3R3-D1-E1	NC_134842.1	1	102992780	30032644	96707968	93.8978	34.4585	39.6	31.4
B3R3-D1-E1	NC_134843.1	1	102858672	34251023	99104145	96.3498	40.014	39.6	34.3
B3R3-D1-E1	NC_134844.1	1	98048912	29796695	93682157	95.5464	36.1859	39.6	32.9
B3R3-D1-E1	NC_134845.1	1	97139405	28057854	91163306	93.8479	34.1135	39.6	33.1
B3R3-D1-E1	NC_134846.1	1	94721750	32003595	92053450	97.183	40.8149	39.6	35.3
B3R3-D1-E1	NC_134847.1	1	91363364	28797669	87849114	96.1535	37.7506	39.6	33.8
B3R3-D1-E1	NC_134848.1	1	86550376	25843978	82155049	94.9217	35.2662	39.6	31.1
B3R3-D1-E1	NC_134849.1	1	81349889	27007983	77257743	94.9697	36.407	39.5	28.4
B3R3-D1-E1	NC_134850.1	1	74365144	23088047	70951213	95.4092	36.8616	39.6	33.3
B3R3-D1-E1	NC_134851.1	1	73464853	20874387	69070667	94.0187	33.5833	39.6	32.2
B3R4-D1-E1	NC_134838.1	1	133122103	21829940	127197083	95.5492	20.3241	39.6	34.8
B3R4-D1-E1	NC_134839.1	1	115872679	19840365	112925504	97.4565	21.3221	39.6	35.7
B3R4-D1-E1	NC_134840.1	1	112047329	18242430	106738902	95.2623	20.1326	39.6	35.3
B3R4-D1-E1	NC_134841.1	1	104860103	17632738	101659003	96.9473	20.9642	39.6	36
B3R4-D1-E1	NC_134842.1	1	102992780	14143389	93242614	90.5332	16.5451	39.6	31.6
B3R4-D1-E1	NC_134843.1	1	102858672	16087095	96953236	94.2587	19.1642	39.6	34.3
B3R4-D1-E1	NC_134844.1	1	98048912	14066063	90969690	92.7799	17.4271	39.6	33.1
B3R4-D1-E1	NC_134845.1	1	97139405	13202668	87719489	90.3027	16.3721	39.6	33.3
B3R4-D1-E1	NC_134846.1	1	94721750	15011412	90288070	95.3193	19.5073	39.6	35.3
B3R4-D1-E1	NC_134847.1	1	91363364	13538686	85631687	93.7265	18.0951	39.6	34
B3R4-D1-E1	NC_134848.1	1	86550376	12217607	79372830	91.7071	17.0078	39.6	31.2
B3R4-D1-E1	NC_134849.1	1	81349889	12868905	74709878	91.8377	17.8045	39.4	28.2
B3R4-D1-E1	NC_134850.1	1	74365144	10873933	68970085	92.7452	17.6979	39.6	33.6
B3R4-D1-E1	NC_134851.1	1	73464853	9842070	66589966	90.6419	16.1551	39.6	32.4
B3R6-D1-E1	NC_134838.1	1	133122103	32827838	128717690	96.6914	30.0861	39.5	34.7
B3R6-D1-E1	NC_134839.1	1	115872679	29922923	113840274	98.246	31.668	39.5	35.7
B3R6-D1-E1	NC_134840.1	1	112047329	27475779	108037700	96.4215	29.8603	39.5	35.2
B3R6-D1-E1	NC_134841.1	1	104860103	26548555	102556007	97.8027	31.0763	39.5	35.8
B3R6-D1-E1	NC_134842.1	1	102992780	21316691	95451690	92.678	24.5618	39.5	31.4
B3R6-D1-E1	NC_134843.1	1	102858672	24245981	98311364	95.5791	28.4433	39.5	34.2
B3R6-D1-E1	NC_134844.1	1	98048912	21222465	92695134	94.5397	25.8921	39.5	32.9
B3R6-D1-E1	NC_134845.1	1	97139405	19971985	89844795	92.4906	24.3869	39.5	33.1
B3R6-D1-E1	NC_134846.1	1	94721750	22551086	91428824	96.5236	28.8603	39.5	35.1
B3R6-D1-E1	NC_134847.1	1	91363364	20358819	87049345	95.2782	26.7826	39.5	33.8
B3R6-D1-E1	NC_134848.1	1	86550376	18489935	81105058	93.7085	25.3325	39.5	31.1
B3R6-D1-E1	NC_134849.1	1	81349889	19376074	76284731	93.7736	26.0815	39.4	28
B3R6-D1-E1	NC_134850.1	1	74365144	16404734	70222638	94.4295	26.2999	39.5	33.4
B3R6-D1-E1	NC_134851.1	1	73464853	14802281	68129590	92.7377	23.9177	39.5	32.1
C1R1-14C-D20-E1	NC_134838.1	1	133122103	75843666	131405851	98.7108	66.891	39.6	32.8
C1R1-14C-D20-E1	NC_134839.1	1	115872679	69121993	115087886	99.3227	70.3514	39.5	33.9
C1R1-14C-D20-E1	NC_134840.1	1	112047329	63415630	109968915	98.1451	66.1588	39.5	33.1
C1R1-14C-D20-E1	NC_134841.1	1	104860103	60905978	103724104	98.9167	68.566	39.5	33.8
C1R1-14C-D20-E1	NC_134842.1	1	102992780	49211367	99164968	96.2834	54.4151	39.5	29.8
C1R1-14C-D20-E1	NC_134843.1	1	102858672	55643891	100312834	97.5249	62.6486	39.5	32.4
C1R1-14C-D20-E1	NC_134844.1	1	98048912	47940237	95063768	96.9555	55.8809	39.5	30.7
C1R1-14C-D20-E1	NC_134845.1	1	97139405	45656068	93442710	96.1944	53.3143	39.5	31.3
C1R1-14C-D20-E1	NC_134846.1	1	94721750	52334108	93119298	98.3083	64.4018	39.5	33.2
C1R1-14C-D20-E1	NC_134847.1	1	91363364	46578163	89100602	97.5233	58.6871	39.5	31.9
C1R1-14C-D20-E1	NC_134848.1	1	86550376	42329227	83754998	96.7702	55.7248	39.5	30.1
C1R1-14C-D20-E1	NC_134849.1	1	81349889	47995203	78844596	96.9203	56.3268	39.5	24.8
C1R1-14C-D20-E1	NC_134850.1	1	74365144	37462298	72024959	96.8531	57.516	39.5	31.7
C1R1-14C-D20-E1	NC_134851.1	1	73464853	34046087	70488596	95.9487	52.5195	39.5	30.6
C1R1-22C-D10-E1	NC_134838.1	1	133122103	19952697	124282036	93.3594	10.8239	39.6	27.7
C1R1-22C-D10-E1	NC_134839.1	1	115872679	17620885	110378700	95.2586	11.2431	39.6	28.5
C1R1-22C-D10-E1	NC_134840.1	1	112047329	16748557	104114480	92.9201	10.7403	39.6	27.9
C1R1-22C-D10-E1	NC_134841.1	1	104860103	15876117	99293434	94.6913	11.0605	39.6	28.5
C1R1-22C-D10-E1	NC_134842.1	1	102992780	13694462	89796866	87.1875	9.08711	39.6	25.5
C1R1-22C-D10-E1	NC_134843.1	1	102858672	15123594	94092043	91.477	10.3531	39.6	27.1
C1R1-22C-D10-E1	NC_134844.1	1	98048912	13480221	87192319	88.9274	9.44578	39.6	26.2
C1R1-22C-D10-E1	NC_134845.1	1	97139405	13229936	84765320	87.2615	9.06926	39.6	26.3
C1R1-22C-D10-E1	NC_134846.1	1	94721750	14163396	88152676	93.0649	10.7092	39.6	28
C1R1-22C-D10-E1	NC_134847.1	1	91363364	12958979	82538881	90.3413	9.83772	39.6	26.8
C1R1-22C-D10-E1	NC_134848.1	1	86550376	11425849	75820687	87.603	9.19655	39.6	25.1
C1R1-22C-D10-E1	NC_134849.1	1	81349889	13639565	71783006	88.2398	9.87157	39.1	20.2
C1R1-22C-D10-E1	NC_134850.1	1	74365144	10400948	66176822	88.989	9.663	39.6	26.6
C1R1-22C-D10-E1	NC_134851.1	1	73464853	9834870	63713405	86.7264	8.98032	39.6	25.7
C1R1-22C-D19-E1	NC_134838.1	1	133122103	14312444	99412575	74.6777	4.11622	39.6	21.5
C1R1-22C-D19-E1	NC_134839.1	1	115872679	12553569	90122555	77.7772	4.25949	39.6	22
C1R1-22C-D19-E1	NC_134840.1	1	112047329	12060890	83325918	74.3667	4.09992	39.6	21.7
C1R1-22C-D19-E1	NC_134841.1	1	104860103	11337366	80413876	76.6868	4.17318	39.6	21.8
C1R1-22C-D19-E1	NC_134842.1	1	102992780	10171383	67464629	65.5042	3.58695	39.6	20.1
C1R1-22C-D19-E1	NC_134843.1	1	102858672	10977069	74073854	72.0152	4.01157	39.6	21.2
C1R1-22C-D19-E1	NC_134844.1	1	98048912	9934491	66466603	67.7892	3.69461	39.6	20.5
C1R1-22C-D19-E1	NC_134845.1	1	97139405	9995682	64021392	65.9067	3.6466	39.6	20.7
C1R1-22C-D19-E1	NC_134846.1	1	94721750	10177009	70309003	74.2269	4.05329	39.6	21.5
C1R1-22C-D19-E1	NC_134847.1	1	91363364	9519214	64147090	70.211	3.82291	39.6	20.9
C1R1-22C-D19-E1	NC_134848.1	1	86550376	8284054	57154912	66.0366	3.54848	39.6	19.8
C1R1-22C-D19-E1	NC_134849.1	1	81349889	10697694	54192128	66.6161	4.20719	38.6	14.7
C1R1-22C-D19-E1	NC_134850.1	1	74365144	7643723	51093854	68.7067	3.78563	39.6	20.7
C1R1-22C-D19-E1	NC_134851.1	1	73464853	7361796	47755014	65.0039	3.57299	39.6	20.2
C1R2-14C-D20-E1	NC_134838.1	1	133122103	48886686	130643954	98.1384	41.3597	39.6	33
C1R2-14C-D20-E1	NC_134839.1	1	115872679	44358471	114635940	98.9327	43.4797	39.6	34
C1R2-14C-D20-E1	NC_134840.1	1	112047329	40873776	109322452	97.5681	40.856	39.6	33.2
C1R2-14C-D20-E1	NC_134841.1	1	104860103	39192250	103258557	98.4727	42.3525	39.6	34
C1R2-14C-D20-E1	NC_134842.1	1	102992780	32300765	98015567	95.1674	34.0812	39.6	29.9
C1R2-14C-D20-E1	NC_134843.1	1	102858672	36084202	99578827	96.8113	38.8747	39.6	32.5
C1R2-14C-D20-E1	NC_134844.1	1	98048912	31408630	94059933	95.9316	34.9137	39.6	30.9
C1R2-14C-D20-E1	NC_134845.1	1	97139405	30187807	92452027	95.1746	33.482	39.6	31.4
C1R2-14C-D20-E1	NC_134846.1	1	94721750	34024492	92562484	97.7204	40.1023	39.6	33.4
C1R2-14C-D20-E1	NC_134847.1	1	91363364	30653875	88375819	96.73	36.9269	39.6	32
C1R2-14C-D20-E1	NC_134848.1	1	86550376	27134035	82912250	95.7965	34.0881	39.6	29.3
C1R2-14C-D20-E1	NC_134849.1	1	81349889	30123007	77981497	95.8594	34.9913	39.5	25.2
C1R2-14C-D20-E1	NC_134850.1	1	74365144	24673459	71357598	95.9557	36.2208	39.6	31.6
C1R2-14C-D20-E1	NC_134851.1	1	73464853	22495896	69535026	94.6507	33.0125	39.6	30.5
C1R2-22C-D19-E1	NC_134838.1	1	133122103	11615162	68241214	51.2621	2.48197	39.6	19.9
C1R2-22C-D19-E1	NC_134839.1	1	115872679	10123596	61980780	53.4904	2.53077	39.6	20.2
C1R2-22C-D19-E1	NC_134840.1	1	112047329	9791929	57653119	51.4543	2.48484	39.6	20.2
C1R2-22C-D19-E1	NC_134841.1	1	104860103	9163070	55537129	52.9631	2.5066	39.6	20.1
C1R2-22C-D19-E1	NC_134842.1	1	102992780	8339474	45715047	44.3867	2.22764	39.6	18.8
C1R2-22C-D19-E1	NC_134843.1	1	102858672	8978705	51345357	49.9184	2.48781	39.6	19.7
C1R2-22C-D19-E1	NC_134844.1	1	98048912	8146230	44959861	45.8545	2.29965	39.6	19.1
C1R2-22C-D19-E1	NC_134845.1	1	97139405	8252374	43429177	44.7081	2.30091	39.6	19.3
C1R2-22C-D19-E1	NC_134846.1	1	94721750	8321763	48064900	50.7433	2.485	39.5	19.9
C1R2-22C-D19-E1	NC_134847.1	1	91363364	7801762	43877676	48.0255	2.37456	39.6	19.5
C1R2-22C-D19-E1	NC_134848.1	1	86550376	6729819	38761084	44.7844	2.17623	39.6	18.4
C1R2-22C-D19-E1	NC_134849.1	1	81349889	9669290	36724252	45.1436	2.84851	37.9	12.4
C1R2-22C-D19-E1	NC_134850.1	1	74365144	6257530	35043294	47.1233	2.35689	39.5	19.2
C1R2-22C-D19-E1	NC_134851.1	1	73464853	6063345	32565875	44.3285	2.26558	39.6	18.9
C1R3-14C-D20-E1	NC_134838.1	1	133122103	31660762	128736870	96.7059	22.3414	39.6	30.5
C1R3-14C-D20-E1	NC_134839.1	1	115872679	28668443	113417117	97.8808	23.6158	39.6	31.5
C1R3-14C-D20-E1	NC_134840.1	1	112047329	26536478	107593299	96.0249	22.1001	39.6	30.7
C1R3-14C-D20-E1	NC_134841.1	1	104860103	25436108	101972860	97.2466	23.0078	39.6	31.4
C1R3-14C-D20-E1	NC_134842.1	1	102992780	20985157	95006911	92.2462	18.116	39.6	27.4
C1R3-14C-D20-E1	NC_134843.1	1	102858672	23482733	97617475	94.9045	20.9391	39.6	29.9
C1R3-14C-D20-E1	NC_134844.1	1	98048912	20712390	91691428	93.516	18.8993	39.6	28.3
C1R3-14C-D20-E1	NC_134845.1	1	97139405	20108093	89602361	92.241	18.1423	39.6	28.7
C1R3-14C-D20-E1	NC_134846.1	1	94721750	22272100	91052500	96.1263	21.8473	39.5	30.8
C1R3-14C-D20-E1	NC_134847.1	1	91363364	20016929	86328717	94.4894	19.8506	39.6	29.4
C1R3-14C-D20-E1	NC_134848.1	1	86550376	17650024	80288763	92.7654	18.3727	39.6	27.4
C1R3-14C-D20-E1	NC_134849.1	1	81349889	22510593	75779338	93.1524	19.1205	39.3	20.4
C1R3-14C-D20-E1	NC_134850.1	1	74365144	16084088	69595027	93.5855	19.4236	39.5	29
C1R3-14C-D20-E1	NC_134851.1	1	73464853	14861391	67315818	91.63	17.7311	39.6	27.9
C1R3-22C-D19-E1	NC_134838.1	1	133122103	17712651	120696521	90.666	8.55468	39.6	25
C1R3-22C-D19-E1	NC_134839.1	1	115872679	15685306	107712038	92.9572	8.90085	39.6	25.7
C1R3-22C-D19-E1	NC_134840.1	1	112047329	14918063	101127251	90.254	8.49988	39.6	25.3
C1R3-22C-D19-E1	NC_134841.1	1	104860103	14149492	96981950	92.487	8.78545	39.6	25.6
C1R3-22C-D19-E1	NC_134842.1	1	102992780	12166380	84619629	82.1607	7.07077	39.6	22.5
C1R3-22C-D19-E1	NC_134843.1	1	102858672	13383453	90486450	87.9716	8.09863	39.6	24.4
C1R3-22C-D19-E1	NC_134844.1	1	98048912	11937069	83052728	84.7054	7.33653	39.6	23.2
C1R3-22C-D19-E1	NC_134845.1	1	97139405	11882329	80475304	82.8452	7.14381	39.6	23.4
C1R3-22C-D19-E1	NC_134846.1	1	94721750	12558745	85055355	89.795	8.35617	39.5	25
C1R3-22C-D19-E1	NC_134847.1	1	91363364	11508375	78941345	86.4037	7.65055	39.6	23.9
C1R3-22C-D19-E1	NC_134848.1	1	86550376	10132295	71977738	83.1628	7.1874	39.6	22.4
C1R3-22C-D19-E1	NC_134849.1	1	81349889	13747668	68275023	83.9276	7.89015	39	15.8
C1R3-22C-D19-E1	NC_134850.1	1	74365144	9472666	63799869	85.7927	7.92613	39.6	24.1
C1R3-22C-D19-E1	NC_134851.1	1	73464853	8752094	60226777	81.9804	7.00479	39.6	22.7
C1R3-C2R1-22C-D19-E1	NC_134838.1	1	133122103	69408155	130875997	98.3127	63.8181	39.5	33.4
C1R3-C2R1-22C-D19-E1	NC_134839.1	1	115872679	62605821	114672334	98.9641	66.3895	39.5	34.3
C1R3-C2R1-22C-D19-E1	NC_134840.1	1	112047329	58182521	109689799	97.896	63.3741	39.5	33.7
C1R3-C2R1-22C-D19-E1	NC_134841.1	1	104860103	55425983	103310854	98.5226	64.9365	39.5	34.4
C1R3-C2R1-22C-D19-E1	NC_134842.1	1	102992780	44982071	98273813	95.4182	52.0068	39.5	30.2
C1R3-C2R1-22C-D19-E1	NC_134843.1	1	102858672	51043212	100279111	97.4921	60.0825	39.5	33.1
C1R3-C2R1-22C-D19-E1	NC_134844.1	1	98048912	43803740	94204922	96.0795	53.3328	39.5	31.3
C1R3-C2R1-22C-D19-E1	NC_134845.1	1	97139405	41816255	92918890	95.6552	51.1432	39.5	32.1
C1R3-C2R1-22C-D19-E1	NC_134846.1	1	94721750	47876503	92729911	97.8972	61.605	39.5	33.9
C1R3-C2R1-22C-D19-E1	NC_134847.1	1	91363364	43106582	88824153	97.2208	56.8447	39.5	32.6
C1R3-C2R1-22C-D19-E1	NC_134848.1	1	86550376	37955322	82968298	95.8613	52.1056	39.5	30.2
C1R3-C2R1-22C-D19-E1	NC_134849.1	1	81349889	44397956	78532271	96.5364	53.8789	39.4	24.8
C1R3-C2R1-22C-D19-E1	NC_134850.1	1	74365144	34660286	71329817	95.9183	55.6607	39.5	32.4
C1R3-C2R1-22C-D19-E1	NC_134851.1	1	73464853	31133151	69857661	95.0899	50.3353	39.5	30.9
C2R1-14C-D10-E1	NC_134838.1	1	133122103	51207759	129962790	97.6268	40.0886	39.6	32.9
C2R1-14C-D10-E1	NC_134839.1	1	115872679	46024619	114114182	98.4824	41.7026	39.6	33.8
C2R1-14C-D10-E1	NC_134840.1	1	112047329	43177815	108932472	97.2201	40.0967	39.6	33.3
C2R1-14C-D10-E1	NC_134841.1	1	104860103	41021010	102775849	98.0123	40.9952	39.6	33.9
C2R1-14C-D10-E1	NC_134842.1	1	102992780	33154884	96932853	94.1162	32.2651	39.6	29.4
C2R1-14C-D10-E1	NC_134843.1	1	102858672	37761226	99488050	96.7231	37.7486	39.6	32.5
C2R1-14C-D10-E1	NC_134844.1	1	98048912	32542088	93148793	95.0024	33.3882	39.6	30.6
C2R1-14C-D10-E1	NC_134845.1	1	97139405	31200254	91735579	94.437	31.9334	39.6	31.1
C2R1-14C-D10-E1	NC_134846.1	1	94721750	35544811	92162210	97.2978	38.8591	39.6	33.5
C2R1-14C-D10-E1	NC_134847.1	1	91363364	32105206	88085939	96.4128	35.7691	39.6	31.9
C2R1-14C-D10-E1	NC_134848.1	1	86550376	27848038	81876131	94.5994	32.2781	39.6	29.2
C2R1-14C-D10-E1	NC_134849.1	1	81349889	29622461	77604135	95.3955	33.6551	39.5	26.5
C2R1-14C-D10-E1	NC_134850.1	1	74365144	25637463	70617007	94.9598	34.7952	39.6	31.3
C2R1-14C-D10-E1	NC_134851.1	1	73464853	23178987	68840801	93.7058	31.3858	39.6	30.1
C2R1-14C-D20-E1	NC_134838.1	1	133122103	57286269	130632586	98.1299	49.0606	39.6	32.6
C2R1-14C-D20-E1	NC_134839.1	1	115872679	51783133	114537323	98.8476	51.296	39.6	33.5
C2R1-14C-D20-E1	NC_134840.1	1	112047329	48078261	109494137	97.7213	48.7818	39.6	32.9
C2R1-14C-D20-E1	NC_134841.1	1	104860103	45733734	103181014	98.3987	49.9646	39.6	33.4
C2R1-14C-D20-E1	NC_134842.1	1	102992780	36677352	97996190	95.1486	39.104	39.6	29.2
C2R1-14C-D20-E1	NC_134843.1	1	102858672	41883548	100024258	97.2444	45.7418	39.6	32
C2R1-14C-D20-E1	NC_134844.1	1	98048912	36048716	94045877	95.9173	40.5189	39.6	30.2
C2R1-14C-D20-E1	NC_134845.1	1	97139405	34306436	92682899	95.4123	38.5008	39.6	30.8
C2R1-14C-D20-E1	NC_134846.1	1	94721750	39528155	92621077	97.7823	47.2269	39.6	33
C2R1-14C-D20-E1	NC_134847.1	1	91363364	35417906	88672414	97.0547	43.2425	39.6	31.5
C2R1-14C-D20-E1	NC_134848.1	1	86550376	30945202	82689937	95.5397	39.349	39.6	29.3
C2R1-14C-D20-E1	NC_134849.1	1	81349889	35426057	78241986	96.1796	40.6357	39.5	24.4
C2R1-14C-D20-E1	NC_134850.1	1	74365144	28190980	71129169	95.6485	41.8112	39.6	31.2
C2R1-14C-D20-E1	NC_134851.1	1	73464853	25487543	69583402	94.7166	37.828	39.6	29.8
C2R1-22C-D19-E1	NC_134838.1	1	133122103	53419106	130185292	97.7939	46.4883	39.6	33.5
C2R1-22C-D19-E1	NC_134839.1	1	115872679	48025515	114233901	98.5857	48.3138	39.6	34.3
C2R1-22C-D19-E1	NC_134840.1	1	112047329	44861770	109128778	97.3953	46.2512	39.6	33.7
C2R1-22C-D19-E1	NC_134841.1	1	104860103	42901332	102887168	98.1185	47.6724	39.6	34.5
C2R1-22C-D19-E1	NC_134842.1	1	102992780	34823694	97253111	94.4271	37.8758	39.6	30
C2R1-22C-D19-E1	NC_134843.1	1	102858672	39286049	99688534	96.918	43.6569	39.6	33
C2R1-22C-D19-E1	NC_134844.1	1	98048912	33938086	93381483	95.2397	38.9226	39.6	31.3
C2R1-22C-D19-E1	NC_134845.1	1	97139405	32518226	91963320	94.6715	37.2819	39.6	31.9
C2R1-22C-D19-E1	NC_134846.1	1	94721750	37023758	92294905	97.4379	45.0321	39.6	33.9
C2R1-22C-D19-E1	NC_134847.1	1	91363364	33435686	88239363	96.5807	41.5699	39.6	32.5
C2R1-22C-D19-E1	NC_134848.1	1	86550376	29269486	82125704	94.8877	37.8727	39.6	29.8
C2R1-22C-D19-E1	NC_134849.1	1	81349889	34136906	77886332	95.7424	39.3324	39.4	24.6
C2R1-22C-D19-E1	NC_134850.1	1	74365144	26887605	70761341	95.1539	40.6944	39.6	32
C2R1-22C-D19-E1	NC_134851.1	1	73464853	24263946	69159638	94.1398	36.8493	39.6	30.6
C2R2-14C-D20-E1	NC_134838.1	1	133122103	71407337	130470120	98.0079	65.8344	39.5	33.1
C2R2-14C-D20-E1	NC_134839.1	1	115872679	64735973	114451262	98.7733	68.8586	39.5	34.1
C2R2-14C-D20-E1	NC_134840.1	1	112047329	60023812	109360579	97.6021	65.6048	39.5	33.4
C2R2-14C-D20-E1	NC_134841.1	1	104860103	56985331	103061141	98.2844	66.9489	39.5	33.8
C2R2-14C-D20-E1	NC_134842.1	1	102992780	45103468	97582537	94.747	52.2256	39.5	29.5
C2R2-14C-D20-E1	NC_134843.1	1	102858672	51941780	99919918	97.1429	61.2789	39.5	32.6
C2R2-14C-D20-E1	NC_134844.1	1	98048912	44197291	93739920	95.6053	53.9116	39.5	30.7
C2R2-14C-D20-E1	NC_134845.1	1	97139405	41888466	92243743	94.9602	51.2526	39.5	31.4
C2R2-14C-D20-E1	NC_134846.1	1	94721750	48904697	92482367	97.6358	63.0836	39.5	33.5
C2R2-14C-D20-E1	NC_134847.1	1	91363364	43713532	88485581	96.8502	57.8049	39.5	32.1
C2R2-14C-D20-E1	NC_134848.1	1	86550376	38389350	82335139	95.1297	52.8424	39.5	29.9
C2R2-14C-D20-E1	NC_134849.1	1	81349889	45032486	78084641	95.9862	54.3375	39.4	24.2
C2R2-14C-D20-E1	NC_134850.1	1	74365144	34813566	71025678	95.5094	55.9567	39.5	31.8
C2R2-14C-D20-E1	NC_134851.1	1	73464853	31267929	69352355	94.4021	50.6142	39.5	30.3
C2R2-22C-D19-E1	NC_134838.1	1	133122103	52040304	129805034	97.5083	43.2609	39.5	29.8
C2R2-22C-D19-E1	NC_134839.1	1	115872679	47035780	113989959	98.3752	45.2639	39.5	30.9
C2R2-22C-D19-E1	NC_134840.1	1	112047329	43821547	108672953	96.9884	43.1548	39.5	30
C2R2-22C-D19-E1	NC_134841.1	1	104860103	41378569	102553555	97.8004	43.8624	39.5	30.3
C2R2-22C-D19-E1	NC_134842.1	1	102992780	33386620	96377733	93.5772	34.4875	39.5	26.8
C2R2-22C-D19-E1	NC_134843.1	1	102858672	37943011	99234170	96.4762	40.1443	39.5	29.3
C2R2-22C-D19-E1	NC_134844.1	1	98048912	32284487	92574081	94.4162	34.9793	39.5	27.6
C2R2-22C-D19-E1	NC_134845.1	1	97139405	30984531	91050092	93.7314	33.4841	39.5	28.3
C2R2-22C-D19-E1	NC_134846.1	1	94721750	35855276	91910339	97.0319	41.4371	39.5	30.1
C2R2-22C-D19-E1	NC_134847.1	1	91363364	31936164	87668103	95.9554	37.7005	39.5	28.8
C2R2-22C-D19-E1	NC_134848.1	1	86550376	28561041	81260746	93.8884	35.2706	39.5	27.6
C2R2-22C-D19-E1	NC_134849.1	1	81349889	35041692	77218748	94.9218	36.1062	39.4	21
C2R2-22C-D19-E1	NC_134850.1	1	74365144	25399552	70281291	94.5084	36.3645	39.5	28.7
C2R2-22C-D19-E1	NC_134851.1	1	73464853	23122597	68371040	93.0663	33.1512	39.5	27.6
C2R3-14C-D20-E1	NC_134838.1	1	133122103	57347865	130281764	97.8664	52.3005	39.4	32.9
C2R3-14C-D20-E1	NC_134839.1	1	115872679	51891386	114285994	98.6307	54.608	39.4	33.8
C2R3-14C-D20-E1	NC_134840.1	1	112047329	48186530	109121916	97.3891	52.1011	39.4	33.1
C2R3-14C-D20-E1	NC_134841.1	1	104860103	45782567	102902101	98.1327	53.2277	39.4	33.7
C2R3-14C-D20-E1	NC_134842.1	1	102992780	36621622	97223216	94.3981	41.8985	39.4	29.5
C2R3-14C-D20-E1	NC_134843.1	1	102858672	41902888	99697198	96.9264	48.8569	39.4	32.3
C2R3-14C-D20-E1	NC_134844.1	1	98048912	35744789	93364951	95.2228	43.0349	39.4	30.5
C2R3-14C-D20-E1	NC_134845.1	1	97139405	34058287	91883943	94.5898	41.1516	39.4	31.3
C2R3-14C-D20-E1	NC_134846.1	1	94721750	39453816	92292881	97.4358	50.2779	39.4	33.2
C2R3-14C-D20-E1	NC_134847.1	1	91363364	35268456	88243497	96.5852	46.0526	39.4	31.9
C2R3-14C-D20-E1	NC_134848.1	1	86550376	31084110	82032850	94.7805	42.2971	39.4	29.8
C2R3-14C-D20-E1	NC_134849.1	1	81349889	37082742	77844472	95.6909	43.6327	39.3	23.7
C2R3-14C-D20-E1	NC_134850.1	1	74365144	28228063	70715146	95.0918	44.8319	39.4	31.7
C2R3-14C-D20-E1	NC_134851.1	1	73464853	25305519	69046753	93.9861	40.4185	39.4	30.3
C2R3-22C-D19-E1	NC_134838.1	1	133122103	31832350	128050859	96.1905	21.0485	39.6	29.4
C2R3-22C-D19-E1	NC_134839.1	1	115872679	28429193	112874271	97.4123	21.9012	39.6	30.3
C2R3-22C-D19-E1	NC_134840.1	1	112047329	26787742	107306339	95.7688	20.9025	39.6	29.6
C2R3-22C-D19-E1	NC_134841.1	1	104860103	25369955	101518972	96.8137	21.4441	39.6	30.1
C2R3-22C-D19-E1	NC_134842.1	1	102992780	21303192	94367178	91.625	17.251	39.6	26.6
C2R3-22C-D19-E1	NC_134843.1	1	102858672	23794984	97766816	95.0497	19.9259	39.6	29
C2R3-22C-D19-E1	NC_134844.1	1	98048912	20820259	90878697	92.6871	17.7695	39.6	27.5
C2R3-22C-D19-E1	NC_134845.1	1	97139405	20292653	88913733	91.5321	17.0782	39.6	27.9
C2R3-22C-D19-E1	NC_134846.1	1	94721750	22311183	90824378	95.8855	20.4643	39.5	29.7
C2R3-22C-D19-E1	NC_134847.1	1	91363364	20364715	86217245	94.3674	18.9411	39.6	28.5
C2R3-22C-D19-E1	NC_134848.1	1	86550376	17749462	79355590	91.6872	17.2658	39.6	26.7
C2R3-22C-D19-E1	NC_134849.1	1	81349889	22129789	75558014	92.8803	18.2862	39.3	20.5
C2R3-22C-D19-E1	NC_134850.1	1	74365144	16323107	68969668	92.7446	18.5343	39.5	28.3
C2R3-22C-D19-E1	NC_134851.1	1	73464853	15032819	66709869	90.8051	16.8166	39.6	27
C3R1-14C-D20-E1	NC_134838.1	1	133122103	70731888	130978560	98.3898	64.3295	39.5	32.7
C3R1-14C-D20-E1	NC_134839.1	1	115872679	64784691	114888546	99.1507	68.1843	39.5	33.9
C3R1-14C-D20-E1	NC_134840.1	1	112047329	59494034	109804556	97.9984	64.223	39.5	33.2
C3R1-14C-D20-E1	NC_134841.1	1	104860103	57130604	103667422	98.8626	66.4426	39.5	33.7
C3R1-14C-D20-E1	NC_134842.1	1	102992780	45134345	98504741	95.6424	51.4667	39.5	29.3
C3R1-14C-D20-E1	NC_134843.1	1	102858672	51676523	100519716	97.726	60.049	39.5	32.1
C3R1-14C-D20-E1	NC_134844.1	1	98048912	44865729	95075950	96.9679	54.0726	39.5	30.6
C3R1-14C-D20-E1	NC_134845.1	1	97139405	42150304	93103214	95.8449	50.7522	39.5	30.9
C3R1-14C-D20-E1	NC_134846.1	1	94721750	48609462	93026348	98.2101	61.7084	39.5	33.1
C3R1-14C-D20-E1	NC_134847.1	1	91363364	43423114	89089424	97.5111	56.5728	39.5	31.7
C3R1-14C-D20-E1	NC_134848.1	1	86550376	39001448	83477472	96.4496	52.9916	39.5	29.7
C3R1-14C-D20-E1	NC_134849.1	1	81349889	47160444	78666593	96.7015	54.4694	39.4	23.2
C3R1-14C-D20-E1	NC_134850.1	1	74365144	34628073	71807733	96.561	54.8525	39.5	31.4
C3R1-14C-D20-E1	NC_134851.1	1	73464853	31516909	70407375	95.8382	50.2789	39.5	30.2
C3R1-22C-D19-E1	NC_134838.1	1	133122103	21580082	124022519	93.1645	11.3895	39.6	26.5
C3R1-22C-D19-E1	NC_134839.1	1	115872679	19139447	110871534	95.6839	11.8682	39.6	27.2
C3R1-22C-D19-E1	NC_134840.1	1	112047329	18141641	104294895	93.0811	11.2907	39.6	26.7
C3R1-22C-D19-E1	NC_134841.1	1	104860103	17204276	99741396	95.1185	11.6788	39.6	27.2
C3R1-22C-D19-E1	NC_134842.1	1	102992780	14894470	89779060	87.1702	9.53658	39.6	24.1
C3R1-22C-D19-E1	NC_134843.1	1	102858672	16293057	94413374	91.7894	10.8485	39.6	26
C3R1-22C-D19-E1	NC_134844.1	1	98048912	14629846	87879276	89.628	9.96675	39.5	24.9
C3R1-22C-D19-E1	NC_134845.1	1	97139405	14359867	84328566	86.8119	9.49791	39.6	24.9
C3R1-22C-D19-E1	NC_134846.1	1	94721750	15233265	88131781	93.0428	11.0839	39.5	26.6
C3R1-22C-D19-E1	NC_134847.1	1	91363364	14056895	83055423	90.9067	10.3682	39.6	25.6
C3R1-22C-D19-E1	NC_134848.1	1	86550376	12285907	76185694	88.0247	9.56058	39.6	23.8
C3R1-22C-D19-E1	NC_134849.1	1	81349889	17206058	72068567	88.5909	10.4318	39.1	16.5
C3R1-22C-D19-E1	NC_134850.1	1	74365144	11243343	66527728	89.4609	10.085	39.5	25.2
C3R1-22C-D19-E1	NC_134851.1	1	73464853	10582579	64038247	87.1685	9.34973	39.5	24.3
C3R2-14C-D20-E1	NC_134838.1	1	133122103	46622007	129442790	97.2361	37.4042	39.5	32.5
C3R2-14C-D20-E1	NC_134839.1	1	115872679	42296720	114212981	98.5677	39.4578	39.5	33.5
C3R2-14C-D20-E1	NC_134840.1	1	112047329	39145216	108678874	96.9937	37.2427	39.5	33
C3R2-14C-D20-E1	NC_134841.1	1	104860103	37609917	102965550	98.1933	38.6725	39.5	33.5
C3R2-14C-D20-E1	NC_134842.1	1	102992780	30316036	96483235	93.6796	30.0421	39.5	29.2
C3R2-14C-D20-E1	NC_134843.1	1	102858672	34380615	99055081	96.3021	35.0689	39.5	31.9
C3R2-14C-D20-E1	NC_134844.1	1	98048912	30074193	93508854	95.3696	31.6214	39.5	30.5
C3R2-14C-D20-E1	NC_134845.1	1	97139405	28702196	91080586	93.7628	29.9034	39.5	30.6
C3R2-14C-D20-E1	NC_134846.1	1	94721750	32170891	91946497	97.0701	35.8422	39.5	32.8
C3R2-14C-D20-E1	NC_134847.1	1	91363364	29078869	87749468	96.0445	33.083	39.5	31.4
C3R2-14C-D20-E1	NC_134848.1	1	86550376	25671124	81929145	94.6606	30.5347	39.5	29.2
C3R2-14C-D20-E1	NC_134849.1	1	81349889	28910641	77154212	94.8424	31.8371	39.4	24.9
C3R2-14C-D20-E1	NC_134850.1	1	74365144	23185052	70779404	95.1782	32.0645	39.5	31.1
C3R2-14C-D20-E1	NC_134851.1	1	73464853	21255567	68931531	93.8293	29.3239	39.5	29.9
C3R2-22C-D19-E1	NC_134838.1	1	133122103	37201443	127975424	96.1339	25.6235	39.6	30.2
C3R2-22C-D19-E1	NC_134839.1	1	115872679	33349961	113426724	97.8891	26.905	39.6	31.1
C3R2-22C-D19-E1	NC_134840.1	1	112047329	31163478	107530845	95.9691	25.3704	39.6	30.5
C3R2-22C-D19-E1	NC_134841.1	1	104860103	29792609	102132613	97.3989	26.3966	39.6	31.1
C3R2-22C-D19-E1	NC_134842.1	1	102992780	25041524	94674307	91.9232	21.1739	39.6	27.3
C3R2-22C-D19-E1	NC_134843.1	1	102858672	27775696	97898178	95.1774	24.2853	39.6	29.7
C3R2-22C-D19-E1	NC_134844.1	1	98048912	24560465	91942942	93.7725	22.0504	39.6	28.5
C3R2-22C-D19-E1	NC_134845.1	1	97139405	23843333	89198282	91.825	21.0101	39.6	28.4
C3R2-22C-D19-E1	NC_134846.1	1	94721750	25915659	90966000	96.035	24.7166	39.6	30.4
C3R2-22C-D19-E1	NC_134847.1	1	91363364	23784532	86611205	94.7986	23.1669	39.6	29.3
C3R2-22C-D19-E1	NC_134848.1	1	86550376	20869617	80533927	93.0486	21.3071	39.6	27.3
C3R2-22C-D19-E1	NC_134849.1	1	81349889	22485866	75854499	93.2447	22.5529	39.4	24.6
C3R2-22C-D19-E1	NC_134850.1	1	74365144	18997225	69615948	93.6137	22.4223	39.6	28.9
C3R2-22C-D19-E1	NC_134851.1	1	73464853	17615499	67767311	92.2445	20.7166	39.6	27.9
C3R3-22C-D19-E1	NC_134838.1	1	133122103	55489321	129920551	97.595	49.0001	39.5	32.2
C3R3-22C-D19-E1	NC_134839.1	1	115872679	50527784	114492097	98.8085	51.6563	39.5	33.2
C3R3-22C-D19-E1	NC_134840.1	1	112047329	46416108	109035402	97.3119	48.588	39.5	32.6
C3R3-22C-D19-E1	NC_134841.1	1	104860103	44628084	103213326	98.4295	50.381	39.5	33.2
C3R3-22C-D19-E1	NC_134842.1	1	102992780	36254654	97171511	94.3479	40.1093	39.5	29.3
C3R3-22C-D19-E1	NC_134843.1	1	102858672	41035713	99523621	96.7576	46.2829	39.5	31.7
C3R3-22C-D19-E1	NC_134844.1	1	98048912	35739817	94086752	95.959	41.7955	39.5	30.4
C3R3-22C-D19-E1	NC_134845.1	1	97139405	33682609	91608995	94.3067	39.2519	39.5	30.7
C3R3-22C-D19-E1	NC_134846.1	1	94721750	38203366	92284246	97.4267	47.0027	39.5	32.6
C3R3-22C-D19-E1	NC_134847.1	1	91363364	34461018	88164807	96.4991	43.5067	39.5	31.4
C3R3-22C-D19-E1	NC_134848.1	1	86550376	31273598	82456196	95.2696	41.2991	39.5	29.7
C3R3-22C-D19-E1	NC_134849.1	1	81349889	36706156	77631984	95.4297	42.4439	39.4	23.8
C3R3-22C-D19-E1	NC_134850.1	1	74365144	27613653	71232492	95.7875	42.4313	39.5	31.3
C3R3-22C-D19-E1	NC_134851.1	1	73464853	25178166	69436175	94.5162	38.8802	39.5	30.1
C3R3-D20-14-E1	NC_134838.1	1	133122103	52953978	129553389	97.3192	47.1374	39.6	31.8
C3R3-D20-14-E1	NC_134839.1	1	115872679	48416103	114348439	98.6846	49.9114	39.6	32.9
C3R3-D20-14-E1	NC_134840.1	1	112047329	44416910	108751992	97.059	46.9153	39.6	32.2
C3R3-D20-14-E1	NC_134841.1	1	104860103	42496893	103069425	98.2923	48.3711	39.6	32.7
C3R3-D20-14-E1	NC_134842.1	1	102992780	33862157	96476786	93.6733	37.6823	39.6	28.7
C3R3-D20-14-E1	NC_134843.1	1	102858672	38719998	99172330	96.4161	43.978	39.6	31.2
C3R3-D20-14-E1	NC_134844.1	1	98048912	33479202	93629825	95.493	39.3616	39.6	29.8
C3R3-D20-14-E1	NC_134845.1	1	97139405	31503706	90999462	93.6792	36.9277	39.6	30.1
C3R3-D20-14-E1	NC_134846.1	1	94721750	36179781	92043121	97.1721	44.8935	39.6	32.1
C3R3-D20-14-E1	NC_134847.1	1	91363364	32435487	87787514	96.0861	41.2373	39.6	30.9
C3R3-D20-14-E1	NC_134848.1	1	86550376	29280408	81976726	94.7156	38.9118	39.5	29.2
C3R3-D20-14-E1	NC_134849.1	1	81349889	31500773	77170489	94.8624	39.9046	39.4	25.5
C3R3-D20-14-E1	NC_134850.1	1	74365144	25753344	70867838	95.2971	39.7857	39.5	30.7
C3R3-D20-14-E1	NC_134851.1	1	73464853	23521413	69001387	93.9244	36.5295	39.6	29.5
F02	NC_134838.1	1	133122103	83054267	124331820	93.3968	79.3263	39.5	34.2
F02	NC_134839.1	1	115872679	75353324	110174300	95.0822	82.7492	39.5	35.3
F02	NC_134840.1	1	112047329	69792509	103293019	92.187	78.7753	39.5	34.5
F02	NC_134841.1	1	104860103	67128066	98999415	94.4109	81.6934	39.5	35.3
F02	NC_134842.1	1	102992780	54355641	88183594	85.6211	65.5804	39.5	31
F02	NC_134843.1	1	102858672	60040172	93254680	90.6629	73.2084	39.5	33.7
F02	NC_134844.1	1	98048912	51737525	85131394	86.8254	65.4948	39.5	31.8
F02	NC_134845.1	1	97139405	49916092	82556182	84.9873	63.5066	39.5	32.5
F02	NC_134846.1	1	94721750	57309672	86726812	91.5596	76.4379	39.5	34.7
F02	NC_134847.1	1	91363364	50865307	80660664	88.2856	69.4605	39.5	33.1
F02	NC_134848.1	1	86550376	46334252	74156615	85.6803	65.8155	39.5	30.5
F02	NC_134849.1	1	81349889	51831976	70117216	86.1921	67.1379	39.5	25.6
F02	NC_134850.1	1	74365144	40896760	65148987	87.6069	67.887	39.5	32.2
F02	NC_134851.1	1	73464853	37467934	62237338	84.7172	63.0847	39.5	31.3
F03	NC_134838.1	1	133122103	67529537	122679260	92.1554	64.6118	39.5	34.6
F03	NC_134839.1	1	115872679	60569992	109600693	94.5872	66.7519	39.5	35.4
F03	NC_134840.1	1	112047329	56809264	103464110	92.3396	64.4863	39.5	34.8
F03	NC_134841.1	1	104860103	53695306	98798283	94.2191	65.5201	39.5	35.5
F03	NC_134842.1	1	102992780	42137812	87115090	84.5837	50.7698	39.5	30.8
F03	NC_134843.1	1	102858672	49158147	93369061	90.7741	60.3955	39.5	34
F03	NC_134844.1	1	98048912	42017084	85143705	86.838	53.4682	39.5	32.1
F03	NC_134845.1	1	97139405	39677545	82085360	84.5026	50.7176	39.5	33
F03	NC_134846.1	1	94721750	45822307	86894005	91.7361	61.4322	39.5	35.1
F03	NC_134847.1	1	91363364	42109104	81693637	89.4162	58.1754	39.5	33.9
F03	NC_134848.1	1	86550376	37182611	74208700	85.7405	53.3918	39.5	30.8
F03	NC_134849.1	1	81349889	40671010	69895426	85.9195	52.8896	39.4	25.7
F03	NC_134850.1	1	74365144	33193916	65649423	88.2798	55.5282	39.5	32.9
F03	NC_134851.1	1	73464853	29275116	60603646	82.4934	49.3864	39.5	31.1
F04	NC_134838.1	1	133122103	67931007	123202286	92.5483	64.3789	39.6	34.1
F04	NC_134839.1	1	115872679	62238423	110344187	95.2288	68.2243	39.6	35.6
F04	NC_134840.1	1	112047329	57718651	103331933	92.2217	64.7523	39.6	34.6
F04	NC_134841.1	1	104860103	55736647	99086464	94.494	67.4395	39.6	35.5
F04	NC_134842.1	1	102992780	46044180	88361236	85.7936	55.1613	39.6	31
F04	NC_134843.1	1	102858672	49176394	92433579	89.8646	59.5019	39.6	33.6
F04	NC_134844.1	1	98048912	42719560	84469593	86.1505	53.654	39.6	32
F04	NC_134845.1	1	97139405	41071723	81660607	84.0654	52.0923	39.6	33
F04	NC_134846.1	1	94721750	47468349	87067013	91.9187	63.1663	39.6	34.7
F04	NC_134847.1	1	91363364	42207170	80669552	88.2953	57.3297	39.6	33
F04	NC_134848.1	1	86550376	38864547	73025203	84.3731	54.8738	39.6	31.2
F04	NC_134849.1	1	81349889	40750880	70395783	86.5346	56.7315	39.5	28.2
F04	NC_134850.1	1	74365144	34443090	65786624	88.4643	57.056	39.6	33
F04	NC_134851.1	1	73464853	31729165	61698241	83.9833	53.4078	39.6	31.8
F05	NC_134838.1	1	133122103	74781292	121649743	91.3821	70.638	39.6	34.2
F05	NC_134839.1	1	115872679	69720020	110634345	95.4792	76.5964	39.6	35.7
F05	NC_134840.1	1	112047329	63812820	103360910	92.2475	71.9475	39.6	35.2
F05	NC_134841.1	1	104860103	62017577	99044495	94.4539	75.3122	39.6	35.7
F05	NC_134842.1	1	102992780	48992815	86973115	84.4458	58.4815	39.6	30.6
F05	NC_134843.1	1	102858672	55840721	93476247	90.8783	67.8686	39.6	33.9
F05	NC_134844.1	1	98048912	49144471	85617587	87.3213	62.1975	39.6	32.5
F05	NC_134845.1	1	97139405	45460960	80888877	83.2709	57.3118	39.6	32.4
F05	NC_134846.1	1	94721750	52199431	86894412	91.7365	69.3307	39.6	35
F05	NC_134847.1	1	91363364	46806387	80788068	88.425	63.7789	39.6	33.3
F05	NC_134848.1	1	86550376	44505834	73583615	85.0182	63.3244	39.6	30.9
F05	NC_134849.1	1	81349889	45403200	70069039	86.1329	61.9836	39.5	27.4
F05	NC_134850.1	1	74365144	37226636	65126406	87.5765	61.6785	39.6	32.9
F05	NC_134851.1	1	73464853	35239907	62620054	85.2381	59.3455	39.6	31.9
F06	NC_134838.1	1	133122103	64506374	123188971	92.5383	61.1885	39.6	32.7
F06	NC_134839.1	1	115872679	59205850	109853995	94.8058	64.5613	39.6	34.2
F06	NC_134840.1	1	112047329	53223182	103637838	92.4947	59.5734	39.5	32.8
F06	NC_134841.1	1	104860103	52826441	98599442	94.0295	63.757	39.5	34
F06	NC_134842.1	1	102992780	44881567	87727120	85.1779	53.5832	39.5	30.1
F06	NC_134843.1	1	102858672	48356305	92092688	89.5332	58.3024	39.6	32.4
F06	NC_134844.1	1	98048912	44455995	85983877	87.6949	56.1754	39.5	31.8
F06	NC_134845.1	1	97139405	41088227	82333719	84.7583	51.974	39.5	31.7
F06	NC_134846.1	1	94721750	44722098	86233326	91.0386	58.8525	39.5	33.1
F06	NC_134847.1	1	91363364	40919234	81554881	89.2643	55.6433	39.5	32.2
F06	NC_134848.1	1	86550376	42938634	74466605	86.0385	61.0898	39.5	31.2
F06	NC_134849.1	1	81349889	43317093	69899961	85.9251	58.5698	39.5	26.7
F06	NC_134850.1	1	74365144	34420950	65971515	88.713	57.1497	39.5	32.2
F06	NC_134851.1	1	73464853	31520429	60799702	82.7603	52.8554	39.5	31
F1-GR-E2	NC_134838.1	1	133122103	81041934	124432453	93.4724	77.6462	39.5	35.2
F1-GR-E2	NC_134839.1	1	115872679	72619350	110026117	94.9543	79.8596	39.5	35.8
F1-GR-E2	NC_134840.1	1	112047329	68014127	103151515	92.0607	76.9268	39.5	35.7
F1-GR-E2	NC_134841.1	1	104860103	64657073	98767653	94.1899	78.8434	39.5	36
F1-GR-E2	NC_134842.1	1	102992780	47970536	87800872	85.2495	57.3563	39.5	29.9
F1-GR-E2	NC_134843.1	1	102858672	56207611	93734302	91.1292	68.4635	39.5	33.6
F1-GR-E2	NC_134844.1	1	98048912	47194415	85552567	87.255	59.7108	39.5	31.4
F1-GR-E2	NC_134845.1	1	97139405	47034417	82077988	84.495	59.9693	39.5	33.1
F1-GR-E2	NC_134846.1	1	94721750	53154031	87225724	92.0863	70.8226	39.5	34.9
F1-GR-E2	NC_134847.1	1	91363364	48909751	81761920	89.4909	67.2922	39.5	33.6
F1-GR-E2	NC_134848.1	1	86550376	40207901	71755159	82.9057	56.5741	39.5	29.5
F1-GR-E2	NC_134849.1	1	81349889	45207911	70495946	86.6577	58.3354	39.4	25.2
F1-GR-E2	NC_134850.1	1	74365144	36900177	66342367	89.2116	61.4481	39.5	32.1
F1-GR-E2	NC_134851.1	1	73464853	32725296	62067682	84.4862	54.4777	39.5	30.3
M01	NC_134838.1	1	133122103	85990180	122429866	91.9681	81.7269	39.5	34.3
M01	NC_134839.1	1	115872679	78214226	109785795	94.7469	85.867	39.5	35.3
M01	NC_134840.1	1	112047329	72870871	103497648	92.3696	82.1433	39.5	35
M01	NC_134841.1	1	104860103	69819670	98868695	94.2863	84.9489	39.5	35.4
M01	NC_134842.1	1	102992780	54299432	86434989	83.9233	64.6197	39.5	30.3
M01	NC_134843.1	1	102858672	62729816	93004227	90.4194	76.4065	39.5	33.8
M01	NC_134844.1	1	98048912	54790983	86212195	87.9277	69.4001	39.5	32
M01	NC_134845.1	1	97139405	52501211	83304860	85.7581	67.1347	39.5	33.2
M01	NC_134846.1	1	94721750	59055285	86836167	91.675	78.5209	39.5	34.6
M01	NC_134847.1	1	91363364	52903975	80726052	88.3571	72.1585	39.5	33.2
M01	NC_134848.1	1	86550376	49918480	74508663	86.087	71.3809	39.5	30.8
M01	NC_134849.1	1	81349889	53894729	70763293	86.9863	71.5156	39.5	26.7
M01	NC_134850.1	1	74365144	43472274	66313162	89.1724	72.7047	39.5	33.2
M01	NC_134851.1	1	73464853	38889142	62529825	85.1153	65.462	39.5	31.6
M04	NC_134838.1	1	133122103	86892392	123482267	92.7587	83.2048	39.5	34.4
M04	NC_134839.1	1	115872679	78921926	110127430	95.0418	87.307	39.5	35.6
M04	NC_134840.1	1	112047329	72782613	103022960	91.9459	82.5893	39.5	35
M04	NC_134841.1	1	104860103	69992087	98741001	94.1645	85.5095	39.5	35.5
M04	NC_134842.1	1	102992780	54290045	87604688	85.0591	65.2149	39.5	30.7
M04	NC_134843.1	1	102858672	63222216	93002852	90.4181	77.3642	39.5	33.9
M04	NC_134844.1	1	98048912	54544320	86002802	87.7142	69.3796	39.5	32.1
M04	NC_134845.1	1	97139405	52362018	83154334	85.6031	67.2147	39.5	33.2
M04	NC_134846.1	1	94721750	59959777	87421105	92.2925	80.3769	39.5	35
M04	NC_134847.1	1	91363364	53785252	81667458	89.3875	74.1596	39.5	33.8
M04	NC_134848.1	1	86550376	51101143	74046442	85.553	73.4737	39.5	30.4
M04	NC_134849.1	1	81349889	52737230	70433843	86.5814	68.6734	39.4	26.1
M04	NC_134850.1	1	74365144	42496992	65955053	88.6908	71.1521	39.5	32.8
M04	NC_134851.1	1	73464853	39596633	62769438	85.4415	67.1709	39.5	32
M05	NC_134838.1	1	133122103	76073322	123233851	92.572	72.8226	39.5	34.7
M05	NC_134839.1	1	115872679	69054061	110486665	95.3518	76.3108	39.5	35.7
M05	NC_134840.1	1	112047329	63685996	103452766	92.3295	72.0589	39.5	34.7
M05	NC_134841.1	1	104860103	61396103	98538566	93.9715	74.7951	39.5	35.6
M05	NC_134842.1	1	102992780	49796975	87852966	85.3001	60.1393	39.5	30.2
M05	NC_134843.1	1	102858672	55131058	92812281	90.2328	67.4242	39.5	34.2
M05	NC_134844.1	1	98048912	47592904	84640145	86.3244	60.4914	39.5	32.5
M05	NC_134845.1	1	97139405	45388323	82276324	84.6992	57.8372	39.5	33.1
M05	NC_134846.1	1	94721750	52245600	86837857	91.6768	70.0346	39.5	35.1
M05	NC_134847.1	1	91363364	47207956	81448866	89.1483	64.8979	39.5	33.7
M05	NC_134848.1	1	86550376	41152210	73187260	84.5603	58.5965	39.5	30.8
M05	NC_134849.1	1	81349889	46076901	70255259	86.3618	61.9111	39.4	27.1
M05	NC_134850.1	1	74365144	37827677	65646430	88.2758	63.1577	39.5	32.9
M05	NC_134851.1	1	73464853	33842084	62069486	84.4887	57.1562	39.5	31.8
M06	NC_134838.1	1	133122103	87467155	122909273	92.3282	82.8882	39.5	33.9
M06	NC_134839.1	1	115872679	79344229	110523682	95.3837	87.0147	39.5	35
M06	NC_134840.1	1	112047329	73251639	104028297	92.8432	82.3647	39.5	34.3
M06	NC_134841.1	1	104860103	70593311	98392544	93.8322	85.0905	39.5	34.7
M06	NC_134842.1	1	102992780	57661094	87044774	84.5154	69.1154	39.5	30.7
M06	NC_134843.1	1	102858672	65842777	93230780	90.6397	80.1378	39.5	34
M06	NC_134844.1	1	98048912	56907997	85216249	86.912	71.8366	39.5	32
M06	NC_134845.1	1	97139405	53823797	83120297	85.5681	68.3142	39.5	32.8
M06	NC_134846.1	1	94721750	61141952	87361131	92.2292	81.2624	39.5	34.5
M06	NC_134847.1	1	91363364	55394972	82101170	89.8622	75.6571	39.5	33.3
M06	NC_134848.1	1	86550376	48578229	73223275	84.6019	68.7255	39.5	30.6
M06	NC_134849.1	1	81349889	58771739	71258199	87.5947	74.4344	39.4	25.7
M06	NC_134850.1	1	74365144	44686165	66349507	89.2212	74.5644	39.5	33.3
M06	NC_134851.1	1	73464853	41306279	62669976	85.3061	69.4545	39.5	31.5
M07	NC_134838.1	1	133122103	84441219	123929926	93.0949	80.4034	39.5	34.1
M07	NC_134839.1	1	115872679	76409159	110308059	95.1976	83.7477	39.5	35.1
M07	NC_134840.1	1	112047329	71070278	103700415	92.5505	80.2188	39.5	34.7
M07	NC_134841.1	1	104860103	68016160	98776523	94.1984	82.7318	39.5	35.2
M07	NC_134842.1	1	102992780	53650707	88127078	85.5663	64.23	39.5	30.3
M07	NC_134843.1	1	102858672	60733081	92937516	90.3546	73.7081	39.5	33.3
M07	NC_134844.1	1	98048912	52433369	84800627	86.4881	66.1068	39.5	31.3
M07	NC_134845.1	1	97139405	50889628	82712510	85.1483	64.8669	39.5	32.5
M07	NC_134846.1	1	94721750	58266199	87601406	92.4829	77.9659	39.5	34.7
M07	NC_134847.1	1	91363364	52073984	80970415	88.6246	71.0103	39.5	32.8
M07	NC_134848.1	1	86550376	45961452	74083809	85.5962	65.4039	39.5	30.2
M07	NC_134849.1	1	81349889	52415120	70883974	87.1347	69.0383	39.5	26.2
M07	NC_134850.1	1	74365144	41471661	65667810	88.3046	69.1158	39.5	32.6
M07	NC_134851.1	1	73464853	37408100	61990752	84.3815	62.9177	39.5	31.2
M08	NC_134838.1	1	133122103	73009272	122981161	92.3822	69.6409	39.6	35.1
M08	NC_134839.1	1	115872679	65381423	109668292	94.6455	71.63	39.6	35.8
M08	NC_134840.1	1	112047329	62256670	103510479	92.381	70.5392	39.6	35.7
M08	NC_134841.1	1	104860103	58393273	98603717	94.0336	70.8911	39.6	35.8
M08	NC_134842.1	1	102992780	45336287	86312387	83.8043	54.16	39.6	30.9
M08	NC_134843.1	1	102858672	51677760	92734801	90.1575	62.8278	39.6	33.9
M08	NC_134844.1	1	98048912	44771032	85270647	86.9675	56.6108	39.6	32.5
M08	NC_134845.1	1	97139405	42807544	81817547	84.2269	54.3618	39.6	33.4
M08	NC_134846.1	1	94721750	49789065	87581994	92.4624	66.411	39.6	35.3
M08	NC_134847.1	1	91363364	43984661	80417600	88.0195	59.9382	39.6	33.6
M08	NC_134848.1	1	86550376	39451897	72708429	84.0071	56.1671	39.6	30.8
M08	NC_134849.1	1	81349889	40965860	69210656	85.0778	55.5414	39.5	27.5
M08	NC_134850.1	1	74365144	35322832	65601971	88.216	58.6935	39.6	33.3
M08	NC_134851.1	1	73464853	31829094	62115060	84.5507	53.4504	39.6	31.9
M09	NC_134838.1	1	133122103	71091940	123296238	92.6189	67.9938	39.5	34.1
M09	NC_134839.1	1	115872679	64421175	109644752	94.6252	71.0653	39.5	35.3
M09	NC_134840.1	1	112047329	60118541	103051046	91.971	68.164	39.5	34.8
M09	NC_134841.1	1	104860103	57812255	98976832	94.3894	70.6851	39.4	35.2
M09	NC_134842.1	1	102992780	45206679	87458846	84.9175	54.4357	39.5	30.5
M09	NC_134843.1	1	102858672	51308494	93069753	90.4831	62.6674	39.5	33.3
M09	NC_134844.1	1	98048912	44830522	85781043	87.488	56.9836	39.4	31.7
M09	NC_134845.1	1	97139405	42428574	81984248	84.3985	54.1601	39.5	32.3
M09	NC_134846.1	1	94721750	48502488	86474977	91.2937	64.671	39.4	34.6
M09	NC_134847.1	1	91363364	43563332	80972147	88.6265	59.8253	39.5	33.1
M09	NC_134848.1	1	86550376	40524691	73456563	84.8715	57.7809	39.4	30.2
M09	NC_134849.1	1	81349889	46477370	69565537	85.514	56.1525	39.4	23.5
M09	NC_134850.1	1	74365144	35293155	65974542	88.717	59.1609	39.4	32.5
M09	NC_134851.1	1	73464853	31423275	61741873	84.0427	52.9967	39.4	30.6
M10	NC_134838.1	1	133122103	74472933	121874506	91.5509	70.9874	39.5	34.4
M10	NC_134839.1	1	115872679	68438635	110184781	95.0913	75.7152	39.5	35.5
M10	NC_134840.1	1	112047329	62673746	103131897	92.0432	70.9654	39.5	34.9
M10	NC_134841.1	1	104860103	60623324	99232258	94.633	74.1967	39.5	35.9
M10	NC_134842.1	1	102992780	48433665	87102453	84.5714	58.2984	39.5	31.1
M10	NC_134843.1	1	102858672	54890997	93151744	90.5628	67.2043	39.5	33.9
M10	NC_134844.1	1	98048912	47857063	85919034	87.6287	60.8502	39.5	32.6
M10	NC_134845.1	1	97139405	45589519	82617690	85.0506	58.1648	39.5	33.1
M10	NC_134846.1	1	94721750	51812607	86902871	91.7454	69.3013	39.5	35.2
M10	NC_134847.1	1	91363364	47455837	81904646	89.6471	65.438	39.5	34
M10	NC_134848.1	1	86550376	40670614	73469979	84.887	57.9168	39.5	30.7
M10	NC_134849.1	1	81349889	49509906	71109527	87.412	63.5304	39.4	26.1
M10	NC_134850.1	1	74365144	36748654	65449367	88.0108	61.3968	39.5	33.2
M10	NC_134851.1	1	73464853	34038726	62376016	84.9059	57.3569	39.5	32.1
M11	NC_134838.1	1	133122103	74928991	124702940	93.6756	71.7506	39.5	34.6
M11	NC_134839.1	1	115872679	67438529	111219841	95.9845	74.0194	39.5	35.2
M11	NC_134840.1	1	112047329	62174177	104461265	93.2296	70.1831	39.5	34.6
M11	NC_134841.1	1	104860103	59959825	99591327	94.9754	72.8455	39.5	35.3
M11	NC_134842.1	1	102992780	49348936	89021953	86.4351	59.4972	39.5	31.5
M11	NC_134843.1	1	102858672	55167536	94232390	91.6135	67.3773	39.5	34.1
M11	NC_134844.1	1	98048912	49147751	87172496	88.9072	62.59	39.5	32.7
M11	NC_134845.1	1	97139405	44796728	83917457	86.3887	57.1565	39.5	32.9
M11	NC_134846.1	1	94721750	52214179	88057264	92.9641	69.8374	39.5	35.2
M11	NC_134847.1	1	91363364	46557338	82980122	90.8243	63.9228	39.5	33.6
M11	NC_134848.1	1	86550376	42646374	75649317	87.405	61.0478	39.5	31.3
M11	NC_134849.1	1	81349889	45641485	71916686	88.4042	61.896	39.5	27.5
M11	NC_134850.1	1	74365144	38466318	67180613	90.3388	64.5513	39.5	33.5
M11	NC_134851.1	1	73464853	33477747	62964316	85.7067	56.3351	39.5	32.2
M12	NC_134838.1	1	133122103	81450786	123755981	92.9643	77.67	39.5	34.5
M12	NC_134839.1	1	115872679	73985078	110744731	95.5745	81.3782	39.5	35.4
M12	NC_134840.1	1	112047329	68416943	104148331	92.9503	77.4731	39.5	34.9
M12	NC_134841.1	1	104860103	65157649	98571638	94.003	79.0931	39.5	35.5
M12	NC_134842.1	1	102992780	52991332	87673153	85.1255	63.5207	39.5	31
M12	NC_134843.1	1	102858672	58970987	93053254	90.4671	71.8705	39.5	33.7
M12	NC_134844.1	1	98048912	52162632	85620224	87.324	66.1562	39.5	32.5
M12	NC_134845.1	1	97139405	48594459	82187548	84.6078	61.8351	39.5	32.9
M12	NC_134846.1	1	94721750	55499277	86764730	91.5996	73.8283	39.5	34.8
M12	NC_134847.1	1	91363364	50342318	81001865	88.659	68.8423	39.5	33.4
M12	NC_134848.1	1	86550376	46618827	73541441	84.9695	66.5884	39.5	30.8
M12	NC_134849.1	1	81349889	52425618	69237160	85.1103	66.9686	39.4	25.5
M12	NC_134850.1	1	74365144	41566852	66671992	89.6549	69.412	39.5	33.4
M12	NC_134851.1	1	73464853	36982561	62107906	84.541	62.3529	39.5	32.2
M2-GR-E1	NC_134838.1	1	133122103	84166888	123984759	93.1361	80.011	39.4	34.2
M2-GR-E1	NC_134839.1	1	115872679	76609418	110829983	95.6481	83.9168	39.4	35.1
M2-GR-E1	NC_134840.1	1	112047329	70143653	103975686	92.7962	78.9169	39.4	34.2
M2-GR-E1	NC_134841.1	1	104860103	68233946	99363757	94.7584	82.8041	39.4	35.7
M2-GR-E1	NC_134842.1	1	102992780	57880166	88905662	86.3222	69.5164	39.4	30.6
M2-GR-E1	NC_134843.1	1	102858672	62605343	93755169	91.1495	76.317	39.4	34.2
M2-GR-E1	NC_134844.1	1	98048912	54477509	86279864	87.9968	68.9306	39.4	32.1
M2-GR-E1	NC_134845.1	1	97139405	50708484	82190703	84.6111	64.207	39.4	32.8
M2-GR-E1	NC_134846.1	1	94721750	58422776	87359310	92.2273	77.9855	39.4	34.7
M2-GR-E1	NC_134847.1	1	91363364	52846540	81462169	89.1628	72.1148	39.4	33.2
M2-GR-E1	NC_134848.1	1	86550376	47757718	74620221	86.2159	68.1035	39.4	31.1
M2-GR-E1	NC_134849.1	1	81349889	49890367	70573859	86.7535	68.134	39.4	27.8
M2-GR-E1	NC_134850.1	1	74365144	42453433	66166008	88.9745	70.6016	39.4	33.2
M2-GR-E1	NC_134851.1	1	73464853	36825071	62194902	84.6594	61.4958	39.4	31.1
M3-GR-E2	NC_134838.1	1	133122103	71782576	123048279	92.4326	68.5425	39.5	34.9
M3-GR-E2	NC_134839.1	1	115872679	66936094	111258310	96.0177	73.9278	39.5	36.3
M3-GR-E2	NC_134840.1	1	112047329	60662754	103077998	91.9951	68.4775	39.5	35.5
M3-GR-E2	NC_134841.1	1	104860103	58760118	99116657	94.5228	71.6554	39.5	36.3
M3-GR-E2	NC_134842.1	1	102992780	45905499	87074071	84.5439	54.9698	39.5	31.3
M3-GR-E2	NC_134843.1	1	102858672	51859344	92724875	90.1478	63.1912	39.5	34.2
M3-GR-E2	NC_134844.1	1	98048912	44726068	85045470	86.7378	56.5917	39.5	32.7
M3-GR-E2	NC_134845.1	1	97139405	42980935	82914075	85.3558	54.6626	39.5	33.2
M3-GR-E2	NC_134846.1	1	94721750	49524579	87086988	91.9398	66.1185	39.5	35.4
M3-GR-E2	NC_134847.1	1	91363364	43893964	81337795	89.0267	60.0124	39.5	34
M3-GR-E2	NC_134848.1	1	86550376	39696959	74034149	85.5388	56.6255	39.5	31.4
M3-GR-E2	NC_134849.1	1	81349889	41477889	69743463	85.7327	56.1551	39.4	27.5
M3-GR-E2	NC_134850.1	1	74365144	35711462	66269229	89.1133	59.6504	39.5	33.4
M3-GR-E2	NC_134851.1	1	73464853	32040167	61547763	83.7785	53.9701	39.5	32.3
